293040,342.19,-21.81,-5.62,-4.370,0.340,7.980
293052,342.06,-21.56,-5.62,-3.990,0.110,7.970
293066,341.81,-21.25,-5.62,-2.910,-0.050,8.410
293078,341.56,-20.56,-5.50,-1.920,-0.170,9.080
293090,341.44,-20.25,-5.44,-1.450,-0.550,9.640
293102,341.31,-19.81,-5.44,-1.590,-0.310,9.450
293116,341.12,-19.44,-5.50,-1.580,-0.170,8.990
293128,340.69,-18.87,-5.69,-1.060,0.580,8.510
293140,340.44,-18.75,-5.75,-1.160,0.450,8.290
293152,340.25,-18.62,-5.75,-1.400,0.450,8.220
293166,340.12,-18.44,-5.75,-2.490,0.590,8.180
293178,339.56,-18.69,-5.69,-4.680,-0.190,8.360
293190,339.31,-18.81,-5.69,-4.450,0.090,8.860
293202,339.00,-19.00,-5.75,-4.310,0.070,9.150
293216,338.69,-19.25,-5.81,-3.990,0.470,9.440
293228,338.12,-19.56,-6.00,-3.570,1.400,9.610
293241,337.75,-19.56,-6.06,-3.020,2.010,9.870
293253,337.38,-19.44,-6.06,-3.450,2.540,10.020
293267,337.12,-19.31,-6.06,-3.570,3.250,10.050
293279,336.37,-19.06,-6.12,-3.750,3.780,8.920
293291,335.88,-18.81,-6.19,-3.840,3.570,8.800
293303,335.31,-18.50,-6.31,-3.660,2.580,8.530
293317,334.75,-18.19,-6.44,-2.480,0.460,9.290
293329,333.44,-18.19,-6.75,-0.620,0.060,8.980
293341,332.62,-18.37,-6.94,-0.210,0.100,8.940
293353,331.75,-18.69,-7.00,1.600,0.020,8.110
293367,330.94,-18.94,-7.06,1.690,0.620,8.370
293379,329.31,-19.00,-7.00,1.510,2.440,8.730
293391,328.31,-18.75,-7.06,0.790,2.090,8.180
293403,327.25,-18.44,-7.00,0.320,0.970,8.150
293417,326.12,-18.12,-7.00,0.090,-0.300,7.880
293429,324.06,-17.37,-6.81,-6.400,2.070,11.120
293441,323.25,-17.06,-6.81,-7.060,1.270,10.460
293453,322.69,-16.81,-6.81,-8.220,1.270,9.990
293467,322.12,-16.56,-6.75,-10.950,2.900,11.010
293479,321.31,-16.25,-6.75,-9.960,4.880,11.740
293491,321.00,-16.31,-6.94,-9.370,2.070,10.450
293503,320.56,-16.62,-7.19,-8.370,1.640,10.780
293517,320.12,-17.06,-7.56,-5.730,0.990,10.370
293529,318.81,-17.69,-8.50,-1.980,-0.070,9.490
293568,316.19,-17.81,-10.19,1.370,1.590,10.900
293580,314.69,-17.31,-10.63,4.020,0.340,8.320
293592,313.87,-17.25,-10.81,4.110,0.200,9.580
293604,313.00,-17.19,-10.94,4.650,-0.460,9.340
293618,312.06,-17.06,-11.12,3.630,0.130,10.210
293630,310.50,-16.87,-11.25,1.720,2.340,10.530
293642,310.00,-16.75,-11.25,-0.340,2.540,10.050
293654,309.56,-16.62,-11.19,-2.150,1.910,11.070
293668,308.94,-16.56,-11.25,-9.800,4.060,10.820
293680,307.31,-16.50,-11.50,-14.310,5.340,7.960
293692,306.44,-16.06,-11.56,-14.550,6.370,8.640
293704,305.69,-15.44,-11.75,-13.920,4.580,10.130
293718,305.00,-14.75,-11.94,-7.420,2.890,7.030
293730,303.37,-13.25,-12.13,-5.030,3.380,10.660
293743,302.50,-12.81,-12.37,-1.510,3.090,11.890
293755,301.62,-12.37,-12.63,0.920,3.110,6.760
293769,300.87,-11.94,-12.81,2.920,2.350,8.800
293781,299.69,-11.50,-13.19,6.590,1.320,7.810
293793,299.12,-11.44,-13.19,6.470,0.920,7.760
293805,298.56,-11.56,-13.25,7.430,1.130,7.730
293819,298.00,-11.75,-13.25,7.720,1.590,8.780
293831,296.87,-12.44,-13.44,3.820,-0.470,8.840
293843,296.37,-12.81,-13.50,3.910,-0.420,8.770
293855,295.88,-13.06,-13.50,3.200,-0.340,9.930
293869,295.56,-13.38,-13.50,-0.300,0.360,9.860
293881,295.06,-13.88,-13.44,-5.680,6.550,11.640
293893,294.81,-13.81,-13.31,-12.210,6.360,8.610
293905,294.56,-13.62,-13.31,-13.970,6.330,8.180
293919,294.31,-13.31,-13.31,-14.520,6.770,7.960
293931,294.00,-12.06,-13.13,-11.110,3.280,8.590
293943,293.75,-11.44,-13.06,-8.720,2.100,10.360
293955,293.25,-10.75,-13.19,-5.800,2.670,11.610
293969,292.56,-10.06,-13.50,-2.640,2.050,9.020
293981,291.63,-9.69,-13.94,1.350,1.730,8.100
293993,291.56,-9.94,-14.06,9.700,-1.680,7.760
294005,291.69,-10.00,-13.75,10.460,-2.910,9.720
294019,291.75,-9.81,-13.31,10.940,-2.150,11.460
294031,290.75,-9.56,-13.44,5.600,1.600,7.750
294044,290.00,-9.38,-13.88,6.300,1.580,7.640
294056,289.50,-9.50,-14.13,5.870,0.520,8.430
294070,289.25,-9.63,-14.25,4.280,0.370,10.090
294082,289.06,-10.06,-14.06,-2.040,2.810,10.370
294094,288.94,-10.31,-13.81,-2.140,4.840,9.550
294106,288.87,-10.44,-13.50,-7.240,6.100,9.180
294120,288.81,-10.50,-13.13,-10.280,6.320,10.030
294132,288.31,-10.56,-12.63,-14.020,6.030,8.230
294144,288.06,-10.25,-12.31,-11.070,5.940,9.130
294156,287.94,-9.75,-12.06,-10.810,3.880,9.510
294170,287.81,-9.06,-11.94,-9.120,3.920,10.300
294182,287.50,-7.44,-12.13,-2.910,1.280,10.080
294194,287.56,-7.19,-12.13,0.530,1.630,10.380
294206,287.81,-7.06,-12.13,2.710,-0.020,8.520
294220,288.12,-6.94,-11.94,7.970,-2.120,9.760
294232,288.81,-6.62,-11.12,10.460,-1.780,10.420
294244,288.69,-6.50,-11.12,6.550,2.090,8.800
294256,288.25,-6.44,-11.38,8.000,2.120,7.560
294270,287.94,-6.44,-11.56,6.810,1.250,8.540
294282,287.81,-6.94,-11.69,4.720,-1.100,9.830
294295,287.69,-7.19,-11.69,-1.060,1.720,11.160
294307,287.63,-7.44,-11.63,0.030,1.740,9.420
294321,287.50,-7.37,-11.50,-5.460,6.080,11.930
294333,287.38,-7.56,-11.25,-13.370,5.640,9.050
294345,287.12,-7.44,-11.12,-15.170,5.440,8.110
294357,286.87,-7.00,-11.00,-12.390,6.280,8.560
294371,286.69,-6.31,-10.75,-10.580,4.130,9.440
294383,286.56,-4.75,-10.44,-5.350,0.990,12.200
294395,286.25,-3.87,-10.56,-2.210,0.480,9.910
294407,285.94,-3.00,-10.75,-0.310,0.640,9.450
294421,285.75,-1.87,-11.00,3.890,-0.090,8.830
294433,286.56,0.62,-10.50,14.530,-2.970,8.970
294445,287.00,1.25,-10.25,8.830,-5.570,9.880
294457,286.87,1.31,-10.38,4.700,-3.580,8.170
294471,286.44,0.94,-10.63,7.690,3.200,8.430
294483,286.00,0.37,-11.00,8.300,-0.060,7.630
294495,286.25,0.50,-10.94,4.730,-1.720,9.470
294507,286.75,0.88,-10.81,1.840,-1.390,12.930
294521,287.25,1.06,-10.88,-3.280,-0.470,11.150
294533,287.88,1.12,-10.88,-8.780,3.760,11.440
294571,288.44,1.62,-11.31,-11.780,5.180,10.090
294583,288.75,2.94,-11.44,-6.230,3.340,8.430
294596,288.81,3.75,-11.44,-4.290,3.210,10.010
294608,288.94,4.62,-11.50,0.600,1.710,7.730
294622,289.12,5.56,-11.50,0.850,0.830,8.500
294634,289.31,7.37,-11.12,3.620,-0.690,8.530
294646,289.38,8.19,-10.94,11.980,-0.520,6.380
294658,289.50,9.06,-10.69,11.590,0.050,9.840
294672,290.12,9.38,-10.50,12.380,-4.620,8.860
294684,290.75,9.50,-10.50,7.580,-3.470,9.150
294696,290.87,9.38,-10.63,7.960,-3.070,9.410
294708,290.94,9.19,-10.81,6.560,-1.400,9.920
294722,291.12,8.81,-11.00,3.810,0.110,9.580
294734,291.50,8.69,-11.00,-0.620,3.100,10.470
294746,291.69,8.69,-10.94,-3.680,4.540,9.170
294758,291.81,8.63,-10.88,-7.690,6.930,8.390
294772,291.94,8.69,-10.81,-8.920,7.860,8.740
294784,292.37,9.25,-10.56,-4.930,5.570,9.410
294796,292.69,9.75,-10.44,-4.020,4.130,8.210
294808,292.94,10.31,-10.38,-3.530,2.800,8.830
294822,293.19,10.81,-10.31,-1.140,2.470,9.000
294834,293.69,11.81,-10.44,5.920,0.000,8.050
294847,293.94,12.31,-10.50,7.190,-0.630,7.500
294859,294.25,12.75,-10.50,10.420,-2.200,7.960
294873,294.56,13.13,-10.44,10.950,-2.410,8.210
294885,294.94,13.00,-10.13,9.410,-1.840,8.900
294897,295.00,12.63,-9.94,9.940,1.580,9.280
294909,295.06,12.25,-9.75,9.210,1.170,9.830
294923,295.19,11.88,-9.50,7.870,-0.740,10.040
294935,295.63,11.44,-9.50,0.050,-1.390,11.070
294947,295.75,11.19,-9.63,-1.520,1.330,11.140
294959,295.75,11.12,-9.63,-3.680,3.270,9.940
294973,295.81,11.25,-9.56,-8.930,5.110,10.000
294985,295.63,11.50,-9.38,-8.670,7.490,8.730
294997,295.56,11.88,-9.06,-7.060,7.420,9.400
295009,295.50,12.31,-8.75,-3.690,5.060,9.060
295023,295.50,12.69,-8.50,-0.940,3.570,8.180
295035,295.50,13.50,-8.06,5.460,1.000,7.060
295047,295.63,14.00,-7.87,10.420,1.060,6.210
295059,296.00,14.56,-7.75,14.640,-2.110,6.970
295073,296.63,15.25,-7.50,17.850,-3.760,8.240
295085,297.12,15.81,-7.12,8.250,-4.830,7.530
295098,296.87,15.00,-7.00,9.760,-2.120,8.510
295110,296.63,14.25,-6.94,11.410,1.680,9.760
295124,296.63,13.56,-6.81,10.800,0.850,9.360
295136,296.94,12.75,-6.87,5.260,-1.740,9.520
295148,297.06,12.44,-7.00,0.160,0.350,9.260
295160,297.06,12.25,-7.06,0.500,3.620,10.570
295174,297.19,12.19,-7.00,-3.170,2.700,11.080
295186,296.87,11.94,-6.87,-9.510,7.250,9.740
295198,296.63,11.88,-6.69,-9.790,6.490,9.100
295210,296.50,12.13,-6.44,-6.830,7.380,9.780
295224,296.50,12.63,-6.19,-3.340,4.700,9.500
295236,296.75,13.75,-5.69,-0.020,2.290,8.230
295248,296.69,14.25,-5.50,0.480,2.150,8.610
295260,296.63,14.69,-5.31,4.220,0.880,8.640
295274,296.56,15.13,-5.12,6.430,-1.200,8.230
295286,296.81,15.94,-4.75,16.120,-1.430,7.300
295299,297.19,16.50,-4.62,12.690,-1.310,8.070
295311,297.19,16.69,-4.69,5.870,-3.110,4.900
295325,296.94,15.94,-4.87,8.070,-2.950,6.240
295337,296.37,13.94,-5.44,12.490,1.100,10.890
295349,296.31,13.13,-5.75,10.570,0.870,10.640
295361,296.50,12.63,-6.12,3.270,-1.490,10.170
295375,296.63,12.31,-6.62,-0.280,-0.350,8.070
295387,296.37,11.69,-7.50,-5.100,3.250,8.870
295399,296.25,11.56,-7.75,-9.480,4.150,9.170
295411,296.06,11.38,-7.94,-11.130,4.600,9.430
295425,295.81,11.50,-7.87,-10.610,4.620,8.390
295437,295.25,12.25,-7.50,-4.410,3.630,10.020
295449,294.87,12.63,-7.25,-2.360,1.780,10.800
295461,294.56,12.94,-6.94,2.440,1.490,8.800
295475,294.25,13.19,-6.69,2.750,-0.780,11.510
295487,293.81,13.94,-6.25,8.980,-2.570,10.620
295499,293.75,14.38,-6.12,15.700,-3.210,9.460
295511,294.00,14.81,-6.00,9.440,-5.230,11.330
295525,294.19,14.94,-6.06,8.620,-5.660,7.840
295537,293.88,14.13,-6.00,11.580,-1.540,10.620
295576,293.69,12.37,-6.19,8.060,0.270,8.730
295588,294.00,11.69,-6.50,1.410,0.710,7.650
295600,294.19,11.38,-6.56,0.100,1.560,8.490
295612,294.25,11.00,-6.62,-3.050,3.570,9.010
295626,294.19,10.56,-6.56,-5.730,3.300,7.650
295638,293.94,9.81,-6.25,-6.340,6.510,8.050
295650,293.88,9.69,-6.06,-8.940,6.020,9.490
295662,293.88,9.63,-5.81,-7.300,4.920,9.490
295676,293.94,9.88,-5.56,-5.910,4.040,10.420
295688,294.19,10.44,-5.00,-0.480,2.130,10.680
295700,294.19,10.69,-4.75,3.520,1.180,10.180
295712,294.25,10.75,-4.50,8.170,0.390,9.210
295726,294.25,10.81,-4.25,9.910,-1.900,9.400
295738,294.25,10.94,-3.75,11.580,-2.070,10.330
295750,294.25,10.88,-3.62,12.050,-1.930,9.760
295762,294.31,10.56,-3.44,11.140,0.580,9.230
295776,294.37,10.25,-3.25,10.410,1.320,9.620
295788,294.87,9.69,-2.75,4.970,-2.370,10.140
295800,295.31,9.63,-2.62,-0.380,-2.960,8.540
295812,295.44,9.38,-2.56,-0.320,-0.550,8.090
295826,295.44,9.25,-2.50,-1.640,1.030,7.610
295838,295.63,9.25,-2.19,-5.660,3.830,6.660
295851,295.75,9.13,-1.94,-5.560,4.620,9.440
295863,295.81,9.06,-1.69,-6.700,3.380,9.690
295877,295.88,8.88,-1.37,-2.210,3.130,9.680
295889,296.06,8.88,-0.81,-0.560,1.200,9.670
295901,296.25,9.00,-0.62,0.850,0.280,9.700
295913,296.50,9.13,-0.37,1.540,0.050,9.700
295927,296.56,9.25,-0.19,2.180,-0.080,9.850
295939,296.50,9.13,0.19,4.940,-0.920,9.510
295951,296.44,9.00,0.44,5.850,-1.910,9.880
295963,296.37,8.88,0.75,6.910,-3.070,9.920
295977,296.31,8.63,1.06,8.880,-5.830,11.830
295989,296.37,8.19,1.56,7.400,-7.130,13.830
296001,296.50,8.06,1.62,4.030,-5.610,13.190
296013,296.69,8.06,1.56,-1.000,0.030,11.770
296027,296.69,8.19,1.44,-2.580,4.160,9.920
296039,296.81,8.56,1.31,-3.420,7.240,9.670
296051,296.94,8.75,1.31,-2.530,8.080,9.380
296063,297.06,9.00,1.44,-1.410,7.550,9.350
296077,297.25,9.38,1.62,-1.870,5.260,8.380
296089,297.31,10.00,1.87,1.220,0.130,7.060
296102,297.25,10.19,2.12,4.410,-1.830,7.390
296114,297.06,10.25,2.44,6.640,-3.480,8.230
296128,297.00,10.31,2.75,7.370,-6.790,9.250
296140,296.81,10.25,3.25,5.820,-8.340,10.750
296152,296.81,10.13,3.44,5.360,-7.020,12.090
296164,296.87,10.06,3.50,4.110,-4.920,12.150
296178,297.00,10.13,3.44,1.440,-3.890,12.660
296190,297.25,10.31,3.12,-0.250,3.190,7.680
296202,297.37,10.50,3.00,0.320,3.900,6.610
296214,297.56,10.81,2.94,0.820,5.250,7.030
296228,297.88,11.19,2.94,1.360,5.790,8.090
296240,298.56,11.69,3.12,-0.370,4.570,8.360
296252,298.81,12.00,3.31,-1.400,2.730,7.890
296264,299.00,12.31,3.62,-1.590,2.230,9.550
296278,299.00,12.44,3.94,-0.810,1.610,10.040
296290,298.75,12.56,4.56,3.250,-0.600,10.750
296302,298.62,12.56,4.87,6.580,-2.960,10.660
296314,298.44,12.63,5.12,6.310,-3.670,11.230
296328,298.31,12.75,5.19,8.520,-6.290,11.800
296340,298.06,12.94,5.06,8.390,-4.720,9.610
296352,298.06,12.88,4.87,7.930,-3.960,8.680
296364,298.19,12.81,4.75,7.190,-3.220,8.840
296378,298.31,12.81,4.56,3.720,-1.850,8.500
296390,298.56,12.50,4.00,-0.690,0.170,6.150
296403,298.69,12.37,3.87,1.180,0.930,8.920
296415,298.94,12.44,3.87,-0.340,-0.300,9.630
296429,299.25,12.63,3.81,-1.090,1.320,9.380
296441,299.31,12.94,3.62,-1.260,2.720,10.320
296453,299.25,13.00,3.56,-0.600,3.600,9.550
296465,299.19,13.13,3.56,-0.320,4.560,10.510
296479,299.12,13.19,3.62,-1.140,4.130,9.900
296491,298.56,13.38,3.75,1.500,2.530,10.340
296503,298.25,13.50,3.87,3.560,0.650,9.910
296515,298.00,13.75,4.00,3.260,-2.630,10.850
296529,297.69,13.94,4.12,3.440,-4.090,11.190
296541,297.00,14.19,4.06,5.550,-5.430,11.870
296579,295.81,14.38,2.94,7.790,-3.790,7.080
296592,295.50,14.69,1.87,6.070,-2.990,7.680
296604,295.50,14.81,1.31,5.420,-2.050,7.230
296616,295.56,14.87,0.88,4.580,-0.720,6.200
296630,295.69,14.81,0.50,2.100,2.600,6.380
296642,295.88,14.69,0.19,0.220,3.880,7.170
296654,295.81,14.56,0.25,-0.960,3.640,7.330
296666,295.81,14.44,0.25,-1.620,4.030,8.460
296680,295.69,14.25,0.25,-1.630,3.820,9.350
296692,295.06,13.94,0.37,-2.300,2.710,10.470
296704,294.62,13.81,0.50,-1.540,2.850,11.160
296716,294.25,13.69,0.50,-0.550,2.650,11.570
296730,293.88,13.56,0.56,-0.680,2.160,11.210
296742,292.75,13.38,0.56,2.350,1.270,8.640
296754,292.19,13.19,0.50,4.840,-1.800,10.150
296766,291.44,13.19,0.44,7.090,-2.360,11.550
296780,290.69,13.13,0.37,9.830,-2.660,7.320
296792,289.87,12.63,0.06,12.300,-2.910,9.010
296804,289.69,12.25,-0.06,11.020,-1.520,7.310
296816,289.63,11.88,-0.19,10.610,-1.530,6.130
296830,289.50,11.63,-0.19,8.900,-1.430,7.680
296842,289.56,11.19,-0.37,3.100,-2.490,9.890
296854,289.50,10.81,-0.56,0.090,0.100,8.420
296866,289.56,10.69,-0.75,0.910,3.490,8.740
296880,289.75,10.50,-0.88,-5.040,3.960,8.170
296892,290.38,10.38,-1.00,-5.250,3.870,10.580
296905,290.69,10.50,-0.88,-4.970,3.130,11.770
296917,290.75,10.75,-0.81,-5.040,2.770,11.540
296931,290.75,10.94,-0.69,-3.830,2.870,12.210
296943,290.75,11.25,-0.25,1.140,2.100,11.060
296955,290.69,11.31,0.00,2.610,1.480,10.510
296967,290.62,11.38,0.19,3.540,1.500,9.640
296981,290.56,11.38,0.37,4.960,0.300,9.600
296993,290.56,11.44,0.88,6.850,-1.210,8.740
297005,290.75,11.44,1.06,8.650,-1.890,9.990
297017,290.94,11.38,1.25,8.930,-3.910,11.160
297031,291.06,11.38,1.44,8.260,-4.630,10.850
297043,291.38,11.25,1.69,5.670,-3.630,11.230
297055,291.38,11.31,1.62,2.100,-0.540,10.360
297067,291.25,11.63,1.44,-0.010,2.200,10.610
297081,291.38,11.94,1.44,-1.100,3.630,8.570
297093,291.94,12.44,1.44,-1.740,6.690,8.330
297105,292.25,12.69,1.50,-1.440,5.690,8.400
297117,292.44,12.88,1.62,-1.010,5.980,8.840
297131,292.50,13.06,1.75,-0.360,5.920,6.730
297143,292.31,13.38,2.12,-0.210,4.950,6.600
297156,291.88,13.62,2.37,-1.220,1.620,8.690
297168,291.50,13.69,2.62,0.070,-1.350,10.210
297182,291.25,13.69,3.00,0.950,-3.710,10.910
297194,290.87,13.56,3.50,6.770,-10.150,13.900
297206,290.69,13.44,3.69,8.330,-11.370,13.440
297218,290.56,13.38,3.62,8.320,-11.390,13.710
297232,290.56,13.25,3.44,7.550,-9.960,13.310
297244,290.62,13.38,2.69,7.100,-3.700,8.840
297256,290.69,13.62,2.19,5.850,-3.610,8.040
297268,290.94,13.81,1.69,3.680,-3.630,9.110
297282,291.19,13.94,1.19,3.050,-3.500,9.900
297294,291.38,13.69,0.19,0.430,2.240,8.000
297306,291.63,13.56,-0.13,1.230,5.750,9.790
297318,291.81,13.50,-0.37,0.080,6.840,10.170
297332,292.13,13.56,-0.62,-0.240,7.970,10.320
297344,292.50,13.94,-0.94,-1.130,9.630,8.550
297357,292.44,14.25,-0.88,-1.990,9.190,8.780
297369,292.25,14.31,-0.69,-1.840,6.680,7.800
297383,291.88,14.38,-0.50,3.260,4.690,7.910
297395,291.56,14.63,0.00,4.810,0.150,7.920
297407,291.44,14.63,0.25,7.220,-2.900,7.960
297419,291.25,14.81,0.50,6.320,-5.950,8.470
297433,291.12,14.75,0.69,7.930,-7.950,10.510
297445,290.94,14.50,0.81,8.270,-7.950,11.460
297457,290.81,14.31,0.69,7.910,-5.150,10.930
297469,290.81,14.31,0.50,8.090,-1.870,9.770
297483,290.94,14.44,0.37,6.980,-1.330,8.410
297495,291.25,14.81,0.06,-2.320,-0.680,7.450
297507,291.25,14.75,-0.13,-2.560,1.480,6.310
297519,291.31,14.75,-0.19,-2.510,4.650,7.160
297533,291.38,14.81,-0.25,-3.080,5.050,8.010
297545,291.63,15.13,-0.13,-1.980,5.170,8.710
297583,291.50,15.75,0.13,-1.540,7.270,9.050
297595,290.69,15.63,0.50,1.870,3.100,6.960
297608,290.19,15.63,0.81,1.700,2.530,7.890
297620,289.56,15.63,1.19,1.620,1.470,10.840
297634,288.94,15.63,1.50,5.870,-0.900,11.680
297646,287.63,16.06,2.00,6.570,-3.970,11.960
297658,287.06,16.12,2.12,8.590,-5.960,10.400
297670,286.62,16.25,2.06,9.680,-6.840,9.670
297684,286.37,16.37,2.06,8.570,-6.510,10.160
297696,286.12,16.37,2.00,6.630,-6.580,9.600
297708,286.00,16.00,1.69,7.450,-6.270,8.250
297720,285.88,15.75,1.44,6.800,-5.390,8.260
297734,286.00,15.63,1.06,7.220,-4.700,8.210
297746,286.87,15.81,0.19,4.230,-3.490,10.710
297758,287.06,15.94,-0.25,1.450,-0.570,9.740
297770,287.38,15.94,-0.69,2.300,3.830,9.260
297784,287.69,15.81,-1.06,0.480,5.760,9.530
297796,287.81,15.81,-1.50,-2.330,9.560,8.710
297808,287.69,16.00,-1.62,-4.340,12.540,7.320
297820,287.56,16.25,-1.50,-4.010,11.640,6.900
297834,287.38,16.50,-1.31,-2.990,8.910,7.240
297846,286.87,16.87,-0.75,4.230,0.070,9.600
297859,286.56,17.19,-0.37,1.220,1.710,9.150
297871,286.19,17.37,-0.06,2.930,-2.480,8.740
297885,286.00,17.37,0.25,5.550,-5.470,10.870
297897,286.06,16.81,0.62,8.640,-6.990,10.350
297909,286.12,16.62,0.62,8.400,-6.550,10.770
297921,286.31,16.50,0.62,9.760,-6.760,10.500
297935,286.44,16.50,0.44,10.340,-6.540,9.240
297947,285.88,17.62,0.06,7.100,-5.130,7.940
297959,286.12,17.87,-0.06,7.400,-4.290,8.790
297971,286.44,18.06,-0.31,5.160,-2.630,11.430
297985,286.75,18.06,-0.75,3.630,-1.470,10.960
297997,287.19,18.00,-1.56,0.550,5.110,8.660
298009,287.38,18.00,-2.00,-0.150,7.770,8.520
298021,287.56,18.12,-2.31,-3.620,11.260,8.430
298035,287.69,18.31,-2.50,-5.360,11.590,7.350
298047,287.56,18.75,-2.31,-5.290,10.820,8.200
298059,287.25,18.75,-2.06,-1.720,5.650,8.710
298071,286.87,18.69,-1.81,2.210,2.170,7.910
298085,286.25,18.69,-1.44,1.270,4.850,8.000
298097,285.31,18.44,-0.62,7.270,-2.790,10.360
298110,285.25,17.87,-0.25,7.760,-4.120,10.920
298122,285.00,17.56,0.00,8.550,-5.140,11.880
298136,284.87,17.56,0.44,12.150,-4.570,10.300
298148,284.62,17.37,0.94,7.160,-7.030,8.470
298160,284.69,16.62,0.88,6.410,-6.880,10.060
298172,285.00,15.38,0.56,5.260,-4.650,9.530
298186,285.06,14.31,0.25,12.240,-6.580,7.820
298198,283.56,15.13,-0.25,3.920,-3.640,9.960
298210,283.31,15.56,-0.62,2.660,-1.720,10.910
298222,283.44,15.88,-1.06,2.680,-1.780,10.770
298236,283.56,16.25,-1.56,0.440,0.820,11.640
298248,283.75,17.19,-2.50,-1.030,5.400,8.490
298260,283.75,17.69,-2.81,-2.400,8.050,7.830
298272,283.69,18.12,-3.00,-1.500,7.840,7.210
298286,283.75,18.31,-3.00,-1.070,8.820,7.360
298298,283.44,18.37,-2.75,-0.780,7.730,6.970
298310,283.19,18.12,-2.62,2.100,3.740,7.600
298322,283.25,17.62,-2.44,4.230,0.290,9.260
298336,283.31,17.06,-2.06,8.740,-3.040,8.260
298348,283.31,18.37,-0.44,5.280,-6.200,11.410
298361,283.38,18.94,0.00,3.870,-8.380,11.410
298373,284.06,17.94,-0.19,5.190,-9.430,12.260
298387,284.50,16.69,-0.62,5.890,-3.130,11.710
298399,283.38,16.62,-1.37,5.920,-1.680,8.930
298411,283.00,17.25,-1.75,4.610,-1.990,9.090
298423,283.06,17.62,-2.12,2.990,-1.480,9.150
298437,283.19,18.06,-2.37,0.680,0.210,10.250
298449,283.31,18.50,-2.94,-1.560,5.490,10.060
298461,283.25,18.50,-3.31,-1.360,6.960,7.890
298473,283.19,18.62,-3.50,-0.280,7.920,7.320
298487,283.13,18.87,-3.50,-0.110,8.030,6.750
298499,282.81,19.44,-3.06,0.560,6.650,6.960
298511,282.62,19.25,-2.81,3.220,5.600,6.230
298523,282.50,18.94,-2.56,3.500,2.510,8.000
298537,282.25,18.56,-2.31,4.830,0.530,9.490
298549,282.31,18.06,-1.62,11.470,-3.880,8.720
298587,282.56,17.81,-1.19,3.910,-5.020,10.460
298599,282.37,17.56,-1.87,4.510,-3.730,10.830
298612,281.81,18.00,-2.19,5.930,-2.100,9.930
298624,281.75,18.25,-2.56,6.290,-0.420,9.040
298638,282.06,18.50,-2.87,3.010,1.610,8.640
298650,282.94,19.12,-3.37,1.090,3.530,8.370
298662,283.31,19.37,-3.44,-0.150,4.470,9.100
298674,283.56,19.50,-3.56,-1.950,5.890,8.590
298688,283.62,19.62,-3.62,-2.290,6.730,8.160
298700,283.38,20.12,-3.56,-1.190,5.900,9.020
298712,283.13,20.44,-3.37,-0.720,5.260,9.380
298724,282.81,20.69,-3.12,0.740,4.380,9.400
298738,282.56,20.88,-2.87,2.630,3.420,8.630
298750,282.81,20.88,-2.31,13.440,-2.750,10.550
298762,283.31,21.12,-1.87,10.520,-3.180,8.440
298774,283.38,21.62,-1.50,3.060,-3.880,8.360
298788,283.44,21.19,-1.56,9.810,-5.610,8.280
298800,283.44,20.50,-1.50,10.050,-4.470,9.190
298812,283.56,20.25,-1.69,7.080,-3.480,9.440
298824,283.38,20.56,-1.81,6.370,-3.850,9.080
298838,283.50,20.81,-2.00,4.430,-3.800,8.570
298850,283.87,21.44,-2.50,0.880,3.070,10.550
298862,284.06,21.75,-2.87,-0.700,3.260,9.830
298874,284.31,22.06,-3.06,-1.650,6.010,9.950
298888,284.44,22.44,-3.12,-2.370,6.640,8.470
298900,284.69,23.06,-3.06,-1.540,6.710,9.780
298913,284.69,23.44,-2.87,-0.370,5.980,9.620
298925,284.62,23.75,-2.69,0.740,4.800,10.680
298939,284.62,23.69,-2.69,5.180,1.660,9.130
298951,285.31,23.81,-2.06,12.910,-0.360,7.090
298963,285.63,25.06,-1.44,7.180,-4.200,6.870
298975,286.06,25.50,-1.37,5.760,-4.760,7.460
298989,286.37,25.06,-1.44,7.350,-5.970,6.720
299001,286.00,23.81,-1.44,6.590,-3.690,9.050
299013,285.63,23.69,-1.56,7.450,-2.050,9.530
299025,285.81,23.50,-1.69,8.160,-2.000,8.450
299039,286.06,23.44,-1.69,4.540,-1.030,9.730
299051,286.56,23.12,-1.94,2.660,0.920,8.960
299063,286.75,23.06,-2.19,0.720,3.740,7.700
299075,287.00,23.00,-2.31,-0.790,4.550,7.610
299089,287.19,23.06,-2.31,-1.680,4.800,7.720
299101,287.31,23.31,-1.94,-0.820,4.870,9.410
299113,287.31,23.38,-1.62,0.370,4.600,9.530
299125,287.25,23.38,-1.44,1.650,3.760,8.450
299139,287.06,23.31,-1.19,5.230,2.400,6.550
299151,286.87,23.06,-0.69,11.690,-1.370,9.410
299164,287.19,23.00,-0.37,20.630,-5.140,6.320
299176,287.63,23.56,0.13,8.080,-4.670,8.490
299190,288.12,23.62,0.06,4.750,-4.850,9.050
299202,288.50,22.25,-0.56,8.170,-5.750,8.440
299214,287.75,22.06,-0.88,6.880,-3.140,8.100
299226,287.56,21.69,-1.37,5.790,-1.180,9.610
299240,287.69,21.37,-1.75,4.420,-0.140,9.800
299252,287.94,20.88,-2.44,0.830,3.950,9.890
299264,288.12,20.62,-2.75,0.020,5.190,9.650
299276,288.44,20.37,-3.06,-0.920,5.460,9.060
299290,288.62,20.25,-3.31,-2.700,6.520,8.430
299302,288.56,20.12,-3.50,-2.470,6.880,8.570
299314,288.37,20.06,-3.50,-0.740,4.060,9.290
299326,288.12,19.81,-3.50,1.700,3.530,9.600
299340,287.81,19.69,-3.50,3.050,1.580,9.910
299352,287.12,19.44,-3.37,4.680,-1.200,11.200
299364,286.87,19.31,-3.44,7.970,-3.800,9.900
299376,286.81,18.94,-3.44,11.290,-4.860,10.460
299390,286.87,18.81,-3.37,8.630,-5.570,10.890
299402,286.87,19.12,-3.69,6.790,-4.740,10.280
299414,287.00,19.19,-3.94,8.500,-3.790,10.100
299426,287.19,19.31,-4.25,7.400,-1.390,9.190
299440,287.44,19.50,-4.56,5.770,0.190,9.570
299452,288.00,19.87,-5.12,2.510,3.740,9.050
299465,288.12,19.94,-5.25,-1.930,6.530,8.420
299477,288.19,20.00,-5.37,-3.890,7.830,8.150
299491,288.25,20.00,-5.44,-4.550,8.420,8.060
299503,288.31,20.31,-5.12,-1.750,8.260,8.480
299515,288.25,20.56,-4.87,-0.080,6.740,8.560
299527,288.12,20.88,-4.62,1.150,5.220,8.670
299541,288.06,21.00,-4.44,4.090,1.860,7.230
299553,287.88,21.31,-4.00,7.340,-1.420,8.530
299591,288.81,21.69,-3.12,7.350,-4.940,8.250
299603,289.25,21.06,-3.25,11.980,-5.040,8.250
299615,289.38,20.94,-3.44,10.410,-4.530,7.780
299627,289.38,21.25,-3.62,7.450,-3.170,7.900
299641,289.31,21.87,-3.69,5.580,-2.390,8.250
299653,289.94,22.75,-4.00,-1.800,1.080,10.280
299666,290.00,23.00,-4.19,-3.560,4.140,10.130
299678,289.87,23.38,-4.31,-5.950,6.750,8.960
299692,289.94,23.56,-4.44,-5.090,8.190,9.000
299704,290.00,23.87,-4.37,-1.950,6.650,8.730
299716,289.94,24.06,-4.12,0.880,5.890,8.480
299728,289.81,24.12,-3.87,3.560,4.530,7.990
299742,289.63,24.19,-3.69,4.890,2.350,8.050
299754,290.12,24.00,-3.12,6.730,-2.690,9.630
299766,290.31,24.00,-2.81,1.340,-2.640,7.890
299778,290.44,23.25,-3.19,11.170,-6.980,7.930
299792,289.81,23.56,-3.06,14.780,-4.350,9.890
299804,289.38,23.81,-3.25,10.230,-3.900,9.010
299816,289.31,24.00,-3.50,10.340,-3.100,6.980
299828,289.56,24.06,-3.87,6.830,-1.380,6.760
299842,289.69,24.25,-4.19,4.980,1.500,8.210
299854,290.06,24.37,-5.00,-0.920,6.150,7.660
299866,290.12,24.50,-5.31,-2.670,7.160,7.340
299878,290.12,24.75,-5.44,-4.410,8.420,6.770
299892,290.12,24.94,-5.50,-5.350,9.030,7.500
299904,289.94,25.37,-5.25,-2.970,7.360,7.280
299916,289.81,25.56,-5.00,-0.710,6.960,8.140
299928,289.75,25.75,-4.69,3.850,2.310,10.430
299942,289.75,25.81,-4.44,2.150,2.220,12.880
299954,290.50,24.94,-4.25,20.980,-6.180,9.480
299967,290.81,25.25,-3.69,2.320,-4.860,10.080
299979,291.19,24.50,-4.00,17.230,-9.630,8.620
299993,291.75,23.44,-4.69,15.120,-4.510,10.800
300005,290.94,24.31,-5.06,8.830,-2.090,9.570
300017,290.75,25.06,-5.37,8.320,-1.980,6.940
300029,291.00,25.37,-5.81,8.650,-0.440,7.510
300043,291.38,25.69,-6.25,2.590,1.500,6.540
300055,291.56,26.19,-6.87,-0.240,4.990,6.160
300067,291.50,26.37,-7.06,-1.870,8.280,6.570
300079,291.56,26.56,-7.12,-5.720,10.460,6.480
300093,291.56,26.69,-7.06,-6.960,9.980,6.770
300105,291.31,26.94,-6.62,-1.850,7.940,8.050
300117,291.12,26.87,-6.31,0.980,7.060,8.010
300129,290.94,26.75,-6.00,3.460,4.440,7.930
300143,290.69,26.69,-5.69,3.780,2.170,9.720
300155,290.25,26.19,-5.00,22.260,-7.510,9.080
300167,290.87,25.69,-4.62,23.540,-5.960,7.690
300179,291.06,26.69,-3.94,8.940,-5.400,10.390
300193,291.44,27.06,-4.00,9.060,-9.270,8.870
300205,291.69,25.62,-5.06,10.230,-6.030,9.970
300218,290.50,26.06,-5.25,13.390,-1.930,6.690
300230,290.56,25.81,-5.81,10.350,-0.850,5.860
300244,290.75,25.94,-6.19,8.250,-0.060,6.700
300256,291.63,26.31,-6.56,1.520,2.340,8.430
300268,292.00,26.37,-6.75,-1.290,2.980,9.040
300280,292.25,26.37,-6.94,-2.570,3.640,7.790
300294,292.50,26.37,-7.19,-3.130,4.000,8.350
300306,292.81,26.31,-7.56,-3.120,4.780,8.530
300318,292.75,26.37,-7.69,-1.690,5.510,8.860
300330,292.87,26.44,-7.69,2.000,4.390,9.540
300344,292.94,26.50,-7.69,2.990,4.770,8.500
300356,292.75,26.62,-7.62,6.070,2.920,6.490
300368,292.62,26.56,-7.56,8.330,1.270,6.630
300380,292.56,26.44,-7.56,10.180,-0.230,6.620
300394,292.56,26.37,-7.62,11.800,-1.810,7.690
300406,292.62,26.25,-7.94,11.590,-4.030,8.560
300418,292.62,26.12,-8.13,11.070,-3.640,8.890
300430,292.56,25.88,-8.31,8.540,-2.280,9.640
300444,292.50,25.69,-8.56,6.720,-1.320,9.870
300456,292.37,25.31,-9.19,0.290,2.060,9.040
300469,292.19,25.25,-9.38,-1.450,5.930,9.570
300481,292.13,25.12,-9.56,-2.840,6.230,8.770
300495,291.94,25.00,-9.69,-1.600,7.220,8.820
300507,291.75,25.00,-9.75,2.330,5.230,8.330
300519,291.75,25.12,-9.69,3.660,3.930,8.340
300531,291.88,25.25,-9.63,5.250,2.800,8.220
300545,292.00,25.44,-9.63,6.820,1.220,7.790
300557,292.44,25.69,-9.69,7.640,-0.070,7.540
300595,292.50,25.62,-9.75,4.510,1.310,7.590
300607,292.06,25.37,-9.69,4.310,3.660,7.890
300619,291.75,25.31,-9.63,2.650,4.010,8.290
300631,291.44,25.25,-9.56,1.820,4.640,8.330
300645,291.25,25.19,-9.56,2.400,4.310,8.720
300657,290.94,25.00,-9.50,3.360,2.740,9.040
300669,290.69,24.81,-9.44,4.030,1.600,9.520
300681,290.38,24.56,-9.50,5.860,-0.480,9.460
300695,289.94,24.31,-9.63,6.110,-0.340,9.300
300707,288.87,23.87,-10.19,4.740,1.210,9.390
300719,288.25,23.81,-10.50,2.150,3.540,9.640
300731,287.56,23.87,-10.75,0.580,4.490,10.000
300745,286.81,24.00,-10.88,-1.660,5.150,10.330
300757,285.06,23.94,-11.12,-1.240,5.200,9.940
300770,284.00,23.87,-11.06,0.890,5.210,5.340
300782,283.00,23.94,-11.00,4.730,6.660,15.850
300796,281.94,23.87,-10.81,8.240,2.130,13.020
300808,280.00,23.69,-10.75,12.530,-1.150,10.280
300820,279.31,23.56,-10.81,14.810,-4.350,6.620
300832,278.69,23.38,-10.88,14.740,-4.200,7.670
300846,278.06,23.00,-10.94,13.400,-3.550,7.030
300858,276.75,22.13,-10.94,10.760,0.620,7.870
300870,276.25,21.81,-10.94,6.570,1.470,8.130
300882,275.75,21.75,-11.12,2.660,2.630,8.500
300896,275.44,21.69,-11.25,-2.740,2.270,11.410
300908,274.37,21.87,-11.19,-10.400,9.390,10.170
300920,274.06,21.94,-11.00,-8.880,9.950,9.600
300932,273.75,22.13,-10.81,-4.860,8.400,12.440
300946,273.31,22.37,-10.63,-2.420,7.670,13.270
300958,272.56,22.56,-10.38,5.170,2.030,7.160
300971,272.00,23.12,-10.13,4.800,-0.490,5.490
300983,271.44,23.31,-9.81,6.890,-0.550,5.210
300997,270.81,23.50,-9.56,10.610,-1.710,6.260
301009,269.62,23.31,-9.06,17.930,-6.390,6.190
301021,269.25,22.94,-8.88,17.380,-6.000,6.220
301033,268.88,22.44,-8.81,14.260,-5.470,6.940
301047,268.56,21.87,-8.81,12.700,-5.010,9.600
301059,268.44,20.81,-9.25,7.450,-1.920,11.900
301071,268.63,20.56,-9.69,4.080,1.060,11.940
301083,268.94,20.62,-10.13,-6.270,7.260,7.370
301097,269.00,21.12,-10.31,-10.520,11.710,9.030
301109,269.56,21.87,-10.38,-9.000,10.800,7.290
301121,269.87,22.19,-10.06,-5.330,8.910,9.120
301133,270.12,22.62,-9.75,-3.050,6.500,9.600
301147,270.31,22.94,-9.44,-0.400,5.630,12.060
301159,270.44,23.06,-9.06,9.190,0.780,5.390
301171,270.75,23.19,-9.06,12.820,-0.840,6.430
301183,271.62,23.12,-9.13,16.260,-5.140,3.770
301197,272.75,23.00,-9.13,18.240,-7.680,7.230
301209,274.12,22.56,-9.06,12.630,-7.330,5.300
301222,274.44,21.81,-9.06,15.790,-8.860,7.830
301234,274.81,20.81,-9.13,15.620,-8.390,10.740
301248,275.13,19.94,-9.31,12.610,-6.270,12.270
301260,275.75,19.25,-9.88,-0.990,3.750,12.600
301272,276.00,19.19,-10.38,-6.280,8.610,7.990
301284,276.37,19.19,-10.81,-9.060,13.240,7.590
301298,276.88,19.37,-11.25,-14.960,15.150,6.040
301310,277.81,20.00,-11.38,-9.940,11.410,8.810
301322,277.87,20.62,-11.19,-8.970,9.500,12.470
301334,277.69,20.94,-11.00,-0.550,6.770,7.310
301348,277.31,21.19,-10.94,3.720,2.690,5.320
301360,277.13,21.44,-10.63,17.050,-6.430,7.300
301372,277.38,21.31,-10.69,18.790,-7.770,10.020
301384,277.81,21.19,-10.81,20.940,-9.480,8.700
301398,278.19,21.12,-10.94,17.160,-6.660,8.240
301410,278.12,20.37,-11.44,12.490,-4.210,7.090
301422,278.25,19.81,-11.69,12.030,-3.940,9.630
301434,278.69,19.19,-12.13,10.620,-1.830,9.340
301448,279.13,18.81,-12.75,-0.460,4.780,10.390
301460,280.31,18.62,-13.69,-8.500,10.070,8.570
301472,280.75,18.62,-14.06,-17.150,13.490,9.870
301484,280.75,18.75,-14.25,-16.510,15.180,9.540
301498,280.87,18.56,-14.19,-9.290,12.620,9.090
301510,280.81,18.50,-13.75,3.040,3.250,5.030
301523,281.19,18.37,-13.56,5.500,3.540,10.560
301535,281.25,18.81,-13.31,2.900,1.070,10.520
301549,281.44,19.12,-13.00,9.780,-3.060,9.720
301561,281.94,19.37,-12.75,18.900,-7.860,8.360
301599,282.56,19.06,-12.94,11.940,-3.720,3.830
301611,282.50,17.81,-13.00,14.820,-3.100,7.050
301623,282.62,17.12,-13.19,5.020,0.550,8.280
301635,282.69,16.81,-13.56,0.420,4.850,9.140
301649,282.94,16.87,-13.94,-3.590,7.320,9.440
301661,283.69,17.44,-14.75,-14.980,15.020,10.290
301673,283.87,17.50,-14.94,-12.200,12.340,9.950
301685,284.31,17.31,-14.81,-5.130,12.660,12.740
301699,284.62,17.37,-14.69,-3.730,7.980,11.510
301711,285.06,17.56,-14.56,2.860,2.890,7.650
301723,285.19,17.75,-14.56,6.580,-1.600,8.710
301735,285.31,17.87,-14.69,9.310,-3.450,7.700
301749,285.56,17.75,-14.94,11.990,-4.910,6.980
301761,286.37,17.75,-15.19,11.910,-6.760,6.810
301774,286.50,17.62,-15.31,9.280,-7.550,7.420
301786,286.50,17.06,-15.44,10.240,-5.600,8.070
301800,286.56,16.31,-15.69,12.870,-3.200,9.420
301812,286.94,14.81,-16.37,2.870,1.490,9.210
301824,287.12,14.75,-16.75,-2.030,6.510,9.160
301836,287.63,14.81,-17.06,-10.370,10.320,6.410
301850,288.00,15.13,-17.31,-14.200,13.890,5.840
301862,288.50,15.25,-17.19,-11.840,13.860,7.150
301874,288.87,15.19,-16.87,-4.870,9.780,11.990
301886,288.94,15.31,-16.62,-3.250,7.970,13.110
301900,288.87,15.25,-16.50,-0.070,5.130,9.240
301912,288.62,15.00,-16.31,8.280,-1.940,7.750
301924,288.94,14.56,-16.37,14.760,-4.960,7.740
301936,289.94,13.94,-16.25,22.300,-10.670,8.900
301950,290.69,13.94,-16.06,4.180,-8.770,10.050
301962,290.44,13.50,-16.75,9.260,-3.410,8.960
301974,290.38,12.81,-17.06,14.920,-3.110,9.760
301986,290.81,11.88,-17.50,12.770,-1.520,7.760
302000,291.12,11.19,-17.87,4.960,-2.580,7.910
302012,291.81,11.06,-18.06,-5.660,8.910,7.290
302024,292.19,11.19,-18.37,-9.200,11.920,7.700
302036,292.37,11.31,-18.50,-11.050,14.570,8.170
302050,292.56,11.19,-18.56,-10.580,14.160,9.020
302062,293.00,10.50,-18.19,-0.320,9.520,9.270
302075,293.12,10.56,-18.00,-1.290,6.020,8.700
302087,293.12,10.50,-17.81,2.120,0.970,8.120
302101,293.00,10.31,-17.62,4.910,-1.530,8.390
302113,292.94,9.69,-17.25,11.330,-4.900,9.470
302125,293.06,9.38,-17.06,10.680,-4.830,9.850
302137,293.25,9.19,-16.94,10.290,-2.800,8.630
302151,293.63,8.94,-16.87,10.960,-1.760,9.470
302163,294.50,8.50,-17.06,-0.550,2.880,4.480
302175,294.50,8.63,-17.06,-0.270,9.430,6.630
302187,294.87,8.56,-17.06,-1.120,6.450,5.450
302201,294.94,8.75,-17.37,-4.040,8.870,6.990
302213,295.06,9.88,-16.94,-7.320,12.050,9.430
302225,295.06,10.00,-16.56,-4.330,11.120,10.220
302237,295.19,9.38,-16.12,2.020,9.270,8.550
302251,295.50,8.44,-15.75,4.290,7.120,8.360
302263,296.19,7.06,-15.38,5.420,2.020,8.200
302276,296.31,6.94,-14.94,4.310,1.070,8.670
302288,296.37,7.00,-14.50,2.900,0.700,8.430
302302,296.44,7.06,-14.06,1.580,0.430,8.010
302314,296.50,7.25,-12.25,0.440,4.940,18.850
302326,295.69,7.87,-11.75,-0.790,6.600,13.710
302338,295.63,7.69,-11.50,1.340,2.330,9.880
302352,295.50,7.37,-11.31,1.520,2.120,9.120
302364,295.25,6.44,-10.88,3.060,2.250,8.870
302376,295.12,6.06,-10.63,2.300,1.360,10.030
302388,295.06,6.00,-10.38,2.010,0.290,11.020
302402,295.12,5.75,-10.25,2.360,-0.770,11.130
302414,295.25,5.19,-10.19,2.620,-1.180,9.870
302426,295.19,4.94,-10.31,1.630,-0.880,8.590
302438,295.12,4.69,-10.44,1.370,-0.180,8.170
302452,295.25,4.37,-10.56,4.080,3.030,9.170
302464,295.88,4.12,-10.25,1.130,8.020,10.840
302476,296.31,4.37,-10.00,-0.760,8.960,10.910
302488,296.69,4.87,-9.56,-3.160,11.540,9.380
302502,297.06,5.62,-9.13,-3.650,12.510,9.200
302514,297.69,7.06,-8.63,-3.480,7.570,9.230
302526,297.75,7.25,-8.63,-1.270,5.060,8.220
302538,297.69,7.06,-8.56,4.360,6.760,7.840
302552,298.00,6.87,-8.63,5.670,2.470,8.130
302564,297.75,8.06,-8.25,2.690,2.260,8.940
302603,297.63,9.50,-7.44,4.380,-2.540,7.730
302615,297.81,10.19,-6.62,3.950,-4.270,9.930
302627,297.94,10.38,-6.37,4.290,-6.480,12.000
302639,298.00,10.44,-6.19,4.620,-6.620,12.430
302653,298.06,10.38,-6.12,5.030,-6.670,11.930
302665,298.19,10.25,-6.44,4.320,-3.070,9.250
302677,298.38,10.31,-6.62,4.410,-1.550,8.850
302689,298.81,10.38,-6.81,4.810,0.220,8.700
302703,299.44,10.63,-6.87,0.460,4.430,7.720
302715,300.50,11.25,-6.62,-2.750,8.670,8.710
302727,300.69,11.63,-6.37,-3.960,10.480,9.120
302739,300.75,12.00,-6.12,-2.080,10.500,8.430
302753,300.62,12.25,-5.94,-1.440,10.390,8.590
302765,300.06,12.81,-5.75,-1.170,6.070,10.210
302777,299.56,13.13,-5.69,0.440,4.230,9.810
302789,299.88,12.25,-5.75,5.230,-2.330,8.870
302803,300.19,11.31,-5.69,8.020,-3.120,8.900
302815,301.06,10.19,-5.25,9.120,-9.270,6.860
302827,301.50,10.00,-5.12,10.590,-6.730,8.190
302839,301.62,10.25,-5.12,6.120,-7.030,9.710
302853,301.56,10.63,-5.44,4.420,-6.380,11.230
302865,301.06,11.38,-6.37,5.260,-3.630,8.730
302878,301.12,11.75,-6.75,3.070,-1.730,7.880
302890,301.37,12.06,-6.94,1.160,1.490,9.190
302904,301.50,12.56,-6.94,-0.650,3.570,10.560
302916,302.13,13.13,-7.19,-1.360,9.130,8.870
302928,302.31,13.31,-7.31,-1.960,9.760,8.300
302940,302.62,13.50,-7.37,-2.870,10.750,8.140
302954,302.75,13.88,-7.25,-2.740,10.460,8.510
302966,302.69,14.50,-6.87,-1.350,7.900,9.580
302978,302.38,14.69,-6.81,0.330,6.050,9.720
302990,302.06,14.81,-6.69,2.780,1.320,10.170
303004,302.00,14.44,-6.56,7.580,-1.510,10.690
303016,302.38,13.81,-6.12,10.570,-7.910,10.260
303028,302.81,13.75,-6.00,7.620,-6.590,12.230
303040,302.75,14.19,-5.94,8.110,-5.220,11.280
303054,302.75,14.50,-6.12,7.270,-4.840,10.480
303066,302.56,14.69,-7.00,5.830,-3.670,7.370
303079,302.69,14.50,-7.50,6.050,-4.970,7.320
303091,302.87,14.63,-7.75,2.850,-1.630,7.340
303105,303.00,14.94,-7.81,1.950,0.960,9.350
303117,303.62,15.56,-7.81,-1.420,3.530,11.180
303129,303.94,15.81,-7.87,-0.750,4.640,10.610
303141,304.31,15.94,-8.00,-0.760,5.280,11.370
303155,304.69,16.12,-8.19,-0.060,4.950,11.030
303167,305.44,16.62,-8.69,1.030,3.630,9.210
303179,305.75,16.94,-8.94,2.470,2.930,8.540
303191,306.13,17.25,-9.25,3.290,2.040,8.220
303205,306.50,17.62,-9.56,4.710,0.310,8.330
303217,307.25,18.37,-10.13,6.770,-0.920,8.670
303229,307.62,18.62,-10.38,7.350,-1.070,8.390
303241,308.06,18.87,-10.56,7.400,-0.770,8.380
303255,308.50,19.06,-10.69,7.540,-0.670,8.980
303267,309.25,19.00,-10.94,5.120,0.360,9.820
303279,309.25,18.75,-11.12,3.510,3.260,4.660
303291,309.06,18.44,-11.56,2.610,2.170,5.210
303305,308.81,18.19,-12.00,2.050,4.990,7.500
303317,308.25,18.25,-12.63,-1.310,6.090,7.330
303329,307.94,18.44,-12.94,-2.760,8.600,8.650
303341,307.44,18.87,-13.06,-4.610,9.130,9.190
303355,307.06,19.12,-13.25,-3.150,8.710,9.830
303367,306.31,18.87,-13.88,0.590,6.980,10.550
303380,305.75,18.81,-14.19,0.810,5.340,9.540
303392,304.94,18.69,-14.56,2.970,3.420,8.750
303406,304.06,18.37,-15.00,3.720,2.320,8.310
303418,301.88,17.81,-15.94,6.060,2.970,4.770
303430,300.75,17.50,-16.37,9.010,1.920,6.310
303442,299.88,17.19,-16.75,7.950,2.540,8.240
303456,298.69,17.37,-17.12,7.110,2.400,6.890
303468,296.63,17.06,-17.75,7.430,2.280,7.710
303480,295.56,16.94,-18.06,7.440,2.130,7.350
303492,294.50,16.56,-18.44,7.650,1.350,7.320
303506,293.56,16.19,-18.87,5.420,1.180,8.330
303518,291.12,16.19,-19.44,1.410,5.480,9.300
303530,289.87,16.37,-19.62,-3.110,9.120,9.280
303542,288.69,16.44,-19.81,-3.690,10.810,8.020
303556,287.69,16.31,-20.00,-4.060,11.490,8.030
303568,286.12,16.06,-20.31,-5.990,8.940,8.920
303606,282.62,15.63,-20.06,6.140,1.270,10.590
303619,281.19,14.06,-20.19,21.740,-9.670,5.600
303631,281.75,13.38,-20.12,8.580,-7.730,8.140
303643,281.87,14.25,-19.94,6.460,-5.790,6.670
303657,281.81,14.75,-20.00,3.860,-5.280,7.010
303669,280.75,14.56,-20.12,11.060,-3.350,8.640
303681,280.37,13.50,-20.19,13.410,-4.120,10.470
303693,280.44,12.31,-20.25,11.690,-2.450,11.770
303707,280.56,11.81,-20.37,3.740,-0.710,8.920
303719,281.06,12.63,-20.44,-6.900,10.480,6.410
303731,281.50,12.69,-20.88,-9.600,12.610,6.420
303743,281.69,12.88,-21.06,-12.160,16.560,7.000
303757,281.75,13.06,-21.06,-8.140,14.550,8.300
303769,281.69,12.44,-20.69,-1.460,9.940,9.120
303781,281.50,12.50,-20.44,0.070,5.550,8.740
303793,281.19,12.31,-20.25,3.400,2.830,6.860
303807,280.87,12.00,-20.12,3.750,1.740,8.930
303819,279.94,11.63,-19.94,14.290,-6.390,8.210
303831,280.06,10.69,-20.00,18.430,-7.800,9.650
303843,280.44,10.06,-19.87,13.770,-7.750,8.800
303857,280.44,10.38,-19.75,4.100,-2.970,6.660
303869,280.19,9.94,-19.87,11.210,-2.500,5.480
303881,280.37,8.94,-20.00,7.860,-1.810,8.650
303893,280.87,8.13,-20.19,-0.540,2.220,9.020
303907,281.13,8.06,-20.44,-4.240,6.580,10.820
303919,281.81,7.87,-20.75,-12.870,13.330,8.250
303932,282.06,7.87,-21.06,-11.960,13.580,7.710
303944,282.00,7.50,-21.31,-6.850,11.940,7.480
303958,282.00,6.62,-21.50,0.070,8.300,8.810
303970,282.31,5.87,-21.56,-0.210,3.650,10.760
303982,282.44,5.87,-21.56,1.790,0.930,8.320
303994,282.50,5.56,-21.56,5.110,-3.190,6.620
304008,282.62,5.12,-21.56,7.160,-4.660,6.620
304020,283.25,3.81,-21.56,8.920,-5.510,8.000
304032,283.87,3.19,-21.56,7.080,-6.020,6.340
304044,284.94,2.50,-21.37,7.360,-5.180,5.500
304058,286.00,1.81,-21.12,8.300,-5.990,4.870
304070,289.19,0.06,-20.56,3.150,-7.180,8.030
304082,290.87,-0.81,-20.31,-0.020,-5.050,8.900
304094,292.44,-1.94,-20.56,-1.880,-3.830,8.920
304108,293.94,-3.12,-20.81,-4.490,-0.540,9.220
304120,296.87,-6.25,-22.56,-5.840,3.000,7.910
304132,298.38,-7.81,-23.56,-6.480,4.770,7.480
304144,299.81,-9.25,-24.56,-9.130,7.140,6.960
304158,301.25,-10.69,-25.50,-9.890,8.030,7.130
304170,303.81,-12.94,-27.19,-10.980,9.050,8.810
304182,304.87,-13.94,-28.06,-10.740,9.340,8.960
304194,305.75,-14.81,-29.00,-10.130,9.540,8.720
304208,306.44,-15.69,-30.12,-9.350,9.450,8.340
304220,307.50,-17.37,-32.44,-6.350,8.100,7.590
304233,307.94,-18.12,-33.63,-5.280,7.400,7.290
304245,308.44,-18.81,-34.75,-3.660,6.340,7.080
304259,308.94,-19.44,-35.88,-3.010,5.830,6.810
304271,310.00,-20.62,-37.88,-2.970,5.310,6.640
304283,310.63,-21.25,-38.88,-2.210,5.200,6.250
304295,311.25,-21.87,-39.81,-2.020,4.980,6.050
304309,312.00,-22.44,-40.63,-2.100,4.920,6.190
304321,313.56,-23.62,-42.25,-3.170,5.250,5.530
304333,314.44,-24.19,-42.94,-3.300,5.330,5.300
304345,315.37,-24.81,-43.63,-3.440,5.660,5.110
304359,316.31,-25.37,-44.25,-4.350,6.280,4.620
304371,318.19,-26.62,-45.31,-4.640,6.920,4.610
304383,319.19,-27.25,-45.75,-4.700,6.930,4.400
304395,320.12,-27.94,-46.19,-5.640,7.740,4.440
304409,321.13,-28.56,-46.50,-6.140,8.030,4.240
304421,323.06,-29.81,-47.00,-6.820,8.430,3.990
304434,323.94,-30.37,-47.19,-6.990,8.730,4.340
304446,324.75,-30.94,-47.38,-6.670,8.880,4.740
304460,325.50,-31.44,-47.50,-6.280,8.700,4.850
304472,326.94,-32.50,-47.81,-5.510,8.250,5.020
304484,327.62,-33.00,-47.88,-5.370,8.110,4.900
304496,328.37,-33.44,-47.88,-5.720,8.070,4.710
304510,329.06,-33.81,-47.75,-5.660,8.010,4.750
304522,330.50,-34.56,-47.25,-5.400,7.790,5.180
304534,331.19,-34.81,-46.94,-5.400,7.560,6.070
304546,331.87,-35.13,-46.56,-5.480,7.170,6.420
304560,332.50,-35.31,-46.25,-5.490,6.930,6.580
304572,333.69,-35.81,-45.94,-4.840,6.460,6.460
304610,335.63,-36.69,-45.88,-3.110,5.650,6.030
304622,337.25,-37.25,-45.69,-3.290,5.440,5.710
304634,338.06,-37.56,-45.56,-3.100,5.030,5.350
304646,338.94,-37.88,-45.38,-2.560,5.020,4.900
304660,339.81,-38.25,-45.12,-2.400,4.980,4.470
304672,341.81,-39.44,-43.94,-1.710,4.010,3.810
304684,342.69,-40.06,-42.81,-1.990,6.130,4.480
304696,344.00,-40.88,-41.81,-0.550,8.190,6.870
304710,345.94,-41.50,-41.31,-1.540,4.810,2.870
304722,349.81,-42.88,-40.31,-4.740,4.100,3.430
304735,351.81,-44.38,-40.12,-9.000,4.180,8.140
304747,354.25,-47.50,-40.31,-7.840,4.400,4.460
304761,356.50,-50.44,-41.13,-7.460,4.870,4.400
304773,1.94,-58.38,-43.38,-7.140,2.210,1.240
304785,5.12,-63.19,-44.13,-16.380,-0.420,-0.440
304797,7.06,-66.94,-46.81,-8.830,2.370,-2.640
304811,9.13,-70.31,-50.81,-8.770,4.240,-2.480
304823,14.50,-77.69,-65.06,-8.660,1.010,-3.340
304835,16.62,-80.75,-78.25,-9.800,-0.280,-4.580
304847,18.00,-82.56,-96.94,-8.570,-1.540,-7.290
304861,18.00,-82.69,-112.62,-12.350,-0.840,-8.850
304873,13.94,-81.31,-118.56,-16.520,6.240,2.200
304885,13.31,-81.12,-130.81,-18.080,2.800,-0.710
304897,12.75,-79.94,-139.81,-12.550,1.590,-1.140
304911,12.19,-78.81,-144.56,-11.980,0.030,-2.210
304923,11.25,-76.50,-153.31,-10.660,0.250,-2.670
304935,10.88,-75.31,-156.94,-10.350,0.270,-2.620
304947,10.56,-74.19,-159.69,-10.050,0.160,-2.720
304961,10.13,-72.94,-161.75,-9.820,0.040,-3.030
304973,9.25,-70.56,-164.81,-9.840,-0.170,-3.520
304986,8.88,-69.62,-165.94,-9.920,-0.420,-3.630
304998,8.00,-69.12,-164.88,-7.760,-3.290,-5.370
305012,6.44,-69.00,-161.62,-12.780,2.490,-2.420
305024,5.19,-68.12,-160.69,-9.990,0.670,-3.280
305036,4.75,-67.87,-160.50,-8.730,0.330,-2.960
305048,4.50,-67.69,-160.50,-8.560,0.160,-2.890
305062,4.25,-67.69,-160.31,-8.550,0.150,-3.000
305074,4.06,-67.94,-160.25,-8.650,0.360,-3.800
305086,4.06,-68.19,-160.19,-8.600,0.510,-3.900
305098,4.25,-68.50,-160.44,-8.520,0.500,-3.890
305112,4.37,-68.87,-160.63,-8.260,0.300,-3.430
305124,4.81,-69.94,-161.19,-8.820,0.080,-3.010
305136,5.00,-70.56,-161.37,-9.100,0.080,-2.920
305148,5.12,-71.12,-161.75,-9.000,-0.210,-3.400
305162,5.19,-71.62,-162.06,-9.280,0.000,-3.610
305174,5.44,-72.44,-163.37,-8.930,-0.080,-3.530
305186,5.50,-72.69,-164.19,-8.690,-0.160,-2.790
305198,5.62,-72.87,-165.25,-8.620,-0.250,-2.480
305212,5.62,-73.06,-165.94,-8.750,-0.280,-2.350
305224,5.69,-73.50,-167.25,-8.820,-0.540,-3.220
305237,5.62,-73.75,-167.69,-8.660,-0.280,-3.380
305249,5.56,-74.06,-167.94,-8.560,-0.130,-3.240
305263,5.44,-74.37,-168.13,-8.450,-0.150,-2.550
305275,5.37,-74.87,-168.75,-8.890,-0.230,-1.970
305287,5.37,-75.06,-169.25,-8.950,-0.510,-2.330
305299,5.44,-75.19,-169.81,-9.090,-0.270,-2.680
305313,5.50,-75.31,-170.38,-8.980,-0.220,-2.890
305325,5.69,-75.44,-171.50,-8.590,-0.360,-2.410
305337,5.81,-75.44,-172.00,-8.710,-0.390,-2.130
305349,5.81,-75.44,-172.25,-8.840,-0.380,-2.020
305363,5.87,-75.44,-172.44,-8.640,-0.230,-1.980
305375,6.31,-75.31,-173.56,-8.780,0.080,-2.730
305387,6.75,-75.25,-174.75,-8.970,0.100,-2.690
305399,7.25,-75.06,-175.87,-8.950,-0.140,-2.380
305413,7.75,-74.94,-176.87,-8.960,-0.430,-2.240
305425,8.81,-74.69,-178.81,-9.210,-0.580,-2.640
305437,9.38,-74.62,-179.81,-9.250,-0.870,-3.360
305449,9.75,-74.56,179.50,-9.560,-0.750,-3.800
305463,10.06,-74.44,178.87,-9.520,-0.710,-3.960
305475,10.50,-74.19,177.75,-9.220,-0.270,-3.060
305487,10.69,-74.12,177.25,-9.280,-0.390,-2.780
305499,10.81,-74.12,177.06,-9.040,-0.520,-2.660
305513,10.75,-74.19,177.31,-8.660,-1.150,-3.450
305525,9.63,-74.62,179.12,-9.050,-0.280,-3.820
305537,9.06,-74.94,-179.81,-9.130,-0.150,-3.010
305549,8.56,-75.19,-179.12,-9.510,0.090,-2.660
305563,8.31,-75.37,-178.69,-9.250,0.520,-2.240
305575,8.44,-75.75,-178.31,-9.400,-0.320,-3.140
305614,8.75,-75.87,-178.62,-9.360,-0.440,-3.070
305626,8.75,-75.69,-178.25,-9.810,-0.680,-1.930
305638,8.63,-75.37,-177.75,-9.720,-0.710,-2.140
305650,8.56,-75.06,-177.44,-9.290,-0.190,-3.040
305664,8.50,-74.62,-177.38,-9.120,0.000,-3.310
305676,8.88,-73.25,-179.12,-7.600,0.360,-3.420
305688,9.13,-72.69,179.94,-7.620,-0.100,-2.890
305700,9.38,-72.25,179.19,-7.960,-0.720,-3.050
305714,9.50,-71.94,178.69,-8.080,-0.630,-3.080
305726,9.75,-71.69,178.00,-8.040,-0.090,-4.110
305738,9.94,-71.62,177.62,-8.060,-0.080,-4.270
305750,10.19,-71.56,177.12,-7.450,-0.020,-4.080
305764,10.38,-71.62,176.63,-7.150,0.010,-3.460
305776,11.06,-71.62,174.81,-7.720,-0.870,-3.730
305789,11.44,-71.62,173.75,-6.930,-1.910,-4.730
305801,11.56,-71.75,173.25,-8.170,0.080,-4.120
305815,11.63,-71.94,172.62,-7.980,-0.580,-4.410
305827,12.13,-71.94,170.81,-7.700,-0.870,-3.340
305839,12.31,-71.94,170.00,-7.690,-1.150,-3.090
305851,12.50,-71.94,169.19,-7.810,-1.130,-3.050
305865,12.63,-72.00,168.44,-7.880,-1.330,-3.300
305877,12.94,-72.12,166.81,-7.750,-1.200,-3.670
305889,13.06,-72.25,165.94,-7.740,-1.180,-3.270
305901,13.19,-72.37,165.12,-8.020,-1.230,-2.310
305915,13.31,-72.50,164.25,-8.200,-1.450,-2.110
305927,13.62,-72.56,162.62,-8.700,-1.570,-2.360
305939,13.88,-72.56,161.88,-9.070,-1.340,-2.910
305951,14.13,-72.50,161.19,-9.000,-1.210,-2.970
305965,14.38,-72.44,160.50,-8.950,-1.240,-2.760
305977,14.94,-72.31,159.25,-9.060,-1.640,-1.810
305989,15.31,-72.31,158.56,-9.160,-1.710,-1.890
306001,15.63,-72.25,158.00,-9.280,-1.690,-2.230
306015,16.00,-72.19,157.37,-9.340,-1.410,-3.030
306027,16.75,-72.12,156.37,-9.060,-1.380,-2.970
306039,17.06,-72.06,156.00,-9.020,-1.460,-2.720
306051,17.31,-72.06,155.81,-9.280,-1.750,-2.410
306065,17.62,-72.06,155.69,-9.520,-1.810,-2.490
306077,18.00,-72.12,155.69,-9.610,-1.440,-3.380
306090,18.19,-72.19,155.75,-9.450,-1.370,-3.470
306102,18.37,-72.25,155.87,-9.170,-1.430,-3.330
306116,18.56,-72.31,155.94,-8.990,-1.500,-3.120
306128,18.75,-72.44,156.25,-10.030,-3.220,-3.240
306140,18.56,-72.56,157.25,-8.260,-0.500,-2.730
306152,18.62,-72.56,157.56,-8.730,-1.330,-3.550
306166,18.69,-72.62,157.75,-8.640,-1.310,-3.530
306178,18.87,-72.75,158.00,-8.360,-1.510,-2.930
306190,18.94,-72.81,158.12,-8.540,-1.700,-2.350
306202,19.12,-72.94,158.12,-8.510,-1.710,-2.400
306216,19.31,-73.00,158.25,-8.660,-2.840,-3.110
306228,19.37,-73.19,159.12,-8.250,-1.040,-3.560
306240,19.56,-73.19,159.31,-8.120,-0.890,-3.530
306252,19.75,-73.19,159.37,-8.090,-0.980,-3.280
306266,19.87,-73.19,159.56,-8.200,-1.320,-2.910
306278,20.06,-73.19,159.87,-8.560,-1.270,-3.210
306290,20.12,-73.19,160.06,-8.690,-1.150,-3.510
306302,20.19,-73.19,160.12,-8.790,-0.810,-3.970
306316,20.19,-73.19,160.37,-8.730,-0.730,-3.840
306328,20.12,-73.25,160.81,-8.480,-1.260,-2.700
306340,20.00,-73.37,161.12,-8.660,-1.420,-2.600
306352,19.94,-73.44,161.31,-8.840,-1.380,-2.700
306366,19.87,-73.50,161.62,-8.920,-1.330,-2.960
306378,19.75,-73.62,161.94,-8.770,-0.850,-3