-6.550,-8.090,1.620
14504,353.25,-27.69,78.87,-5.190,-9.060,1.890
14516,353.69,-27.37,79.06,-4.090,-8.870,1.520
14530,354.69,-26.87,79.50,-3.040,-9.030,1.370
14542,356.19,-25.88,80.25,-3.630,-7.670,1.680
14554,356.06,-25.75,80.00,-4.500,-7.660,2.810
14566,355.56,-25.81,79.19,-5.360,-8.680,3.370
14580,355.00,-25.88,78.06,-6.460,-11.680,3.810
14592,354.56,-25.81,76.00,-6.670,-11.540,5.770
14604,355.12,-25.44,75.50,-6.110,-11.470,6.560
14616,356.50,-24.81,75.12,-4.060,-12.340,6.320
14630,358.19,-23.94,74.75,-3.220,-12.320,6.190
14642,1.44,-21.94,73.75,-2.860,-10.720,6.580
14654,2.81,-20.81,72.81,-3.150,-9.940,6.810
14666,3.81,-19.75,71.62,-3.920,-9.530,7.350
14680,4.50,-18.69,70.12,-4.670,-9.190,8.350
14692,5.37,-16.87,66.12,-6.280,-9.470,10.870
14704,5.87,-16.06,63.81,-6.510,-9.430,11.600
14716,6.62,-15.31,61.37,-6.670,-8.930,12.170
14730,7.69,-14.63,58.81,-5.070,-7.590,3.950
14742,9.31,-13.06,53.81,-1.050,-11.490,10.250
14755,8.75,-12.31,51.44,-5.640,-10.330,11.770
14767,7.37,-11.56,49.19,-7.150,-5.840,8.850
14781,6.06,-10.69,47.25,-17.270,-1.230,18.940
14793,4.69,-11.19,43.00,-5.210,-6.370,10.070
14805,4.12,-11.88,41.25,-5.830,-6.290,8.750
14817,3.31,-12.81,39.56,-4.050,-3.730,9.270
14831,2.50,-13.69,37.94,-3.840,-5.420,9.730
14843,358.31,-14.94,32.50,-4.770,-4.630,7.950
14855,355.31,-15.13,28.94,-6.680,-5.440,5.200
14867,352.50,-15.63,25.94,-5.660,-5.950,5.250
14881,350.19,-16.62,23.62,-4.880,-6.930,4.610
14893,347.19,-19.62,21.62,-0.710,-3.060,5.130
14905,346.25,-21.37,21.81,0.160,-1.380,5.080
14917,345.19,-22.87,22.06,1.220,0.000,5.250
14931,344.00,-23.94,21.94,1.700,0.420,4.840
14943,341.12,-24.37,19.94,2.680,-1.110,4.350
14955,339.94,-23.87,18.56,2.570,-2.480,4.390
14967,338.94,-22.87,17.25,-13.160,-9.570,4.520
14981,338.94,-21.56,16.69,-13.830,-17.170,1.510
14993,335.88,-21.94,17.87,-5.080,-6.210,1.810
15006,336.37,-21.56,20.00,1.520,-1.780,5.410
15018,337.00,-21.31,22.31,1.960,-0.270,7.210
15032,336.44,-20.44,23.56,-3.950,-2.630,7.190
15044,335.13,-19.31,25.00,-2.410,-2.770,6.950
15056,334.25,-18.87,25.31,-2.010,-1.460,7.600
15068,333.31,-18.44,25.25,-2.910,-2.260,7.920
15082,332.69,-18.06,25.19,-2.020,-3.920,7.100
15094,332.69,-17.25,25.56,1.010,-1.900,6.550
15106,333.44,-16.62,25.94,2.430,-2.650,6.460
15118,334.12,-15.63,26.00,1.850,-3.330,7.380
15132,334.00,-14.13,25.50,1.180,-1.970,9.080
15144,333.25,-9.88,23.31,-0.440,-6.930,8.830
15156,333.13,-7.56,22.19,-1.030,-7.230,8.520
15168,333.00,-5.19,21.37,-1.860,-6.830,7.240
15182,333.19,-3.06,21.19,-2.800,-6.340,6.970
15194,337.69,-0.81,22.56,-13.420,-4.330,12.970
15207,339.56,-1.69,23.25,-9.950,-7.130,9.030
15219,339.00,-2.69,23.06,-4.060,-3.490,8.100
15233,336.25,-3.94,22.13,-1.120,-2.060,5.100
15245,332.62,-6.75,20.88,-1.120,-5.840,6.560
15257,330.94,-7.87,20.69,0.200,-5.480,10.660
15269,329.50,-9.13,20.69,6.230,-4.900,5.320
15283,329.69,-12.50,20.56,-0.050,-26.400,-0.800
15295,323.69,-22.25,21.19,1.600,-11.010,0.760
15307,323.81,-23.38,24.37,4.670,0.470,10.730
15319,324.31,-20.81,28.31,-3.330,10.960,16.590
15333,321.94,-19.56,28.44,-3.720,-10.970,6.400
15345,315.44,-20.75,27.06,-3.220,-1.100,8.380
15357,312.00,-21.56,26.12,-4.550,-2.000,8.260
15369,308.69,-22.25,25.37,-4.290,0.780,11.340
15383,305.81,-22.69,24.50,-4.680,-2.280,9.490
15395,300.81,-23.38,22.62,-2.180,-5.070,7.520
15434,294.94,-25.00,20.25,-4.640,-6.180,7.500
15446,292.00,-26.69,19.00,-3.860,-6.260,8.000
15458,290.87,-27.56,18.62,-3.750,-6.310,8.050
15470,290.19,-28.12,18.75,-5.370,-6.320,7.970
15484,289.94,-28.38,19.50,-6.380,-5.750,8.490
15496,289.75,-28.44,21.94,-6.520,-6.000,8.830
15508,289.69,-28.50,23.19,-6.120,-7.060,8.940
15520,289.75,-28.50,24.44,-5.720,-6.980,9.080
15534,290.00,-28.44,25.94,-6.100,-6.750,10.180
15546,291.25,-27.62,28.81,-5.570,-7.660,10.860
15558,292.25,-26.94,29.94,-5.600,-8.480,9.860
15570,293.50,-26.19,31.12,-6.040,-8.490,9.850
15584,294.94,-25.12,32.44,-6.370,-6.630,10.150
15596,298.13,-22.44,35.13,-5.530,-6.430,9.780
15608,299.75,-20.88,36.38,-5.350,-6.400,10.190
15620,301.25,-19.37,37.38,-5.880,-6.940,9.950
15634,302.75,-17.87,38.38,-6.160,-6.660,9.870
15646,304.19,-16.06,39.75,-5.260,-5.890,9.160
15659,304.31,-15.50,40.25,-4.000,-5.570,9.330
15671,304.44,-15.00,40.81,-3.260,-5.650,9.340
15685,304.69,-14.50,41.56,-3.330,-5.390,9.370
15697,304.94,-13.94,43.56,-3.280,-5.770,5.950
15709,304.63,-13.94,44.69,-3.920,-4.680,7.670
15721,304.25,-14.13,45.81,-1.640,-4.810,7.540
15735,304.06,-14.13,47.13,-0.470,-4.930,7.200
15747,303.81,-13.50,50.00,-2.090,-6.280,6.430
15759,303.37,-13.25,51.50,-1.420,-4.470,6.660
15771,303.12,-12.88,53.06,-1.780,-4.300,7.050
15785,302.87,-12.56,54.56,-2.220,-3.850,7.020
15797,301.94,-12.63,56.88,-0.060,-4.820,4.460
15809,301.50,-12.69,57.94,0.330,-5.080,3.950
15821,301.00,-12.69,59.13,-1.600,-4.960,3.770
15835,300.31,-13.06,60.25,-1.080,-2.900,4.000
15847,298.38,-14.56,62.00,0.000,-4.660,2.760
15860,297.37,-15.38,62.81,-0.010,-5.450,2.720
15872,296.44,-16.06,63.63,0.570,-6.500,2.810
15886,295.69,-16.56,64.37,0.910,-6.570,2.710
15898,294.44,-17.06,66.00,-1.240,-5.100,2.500
15910,293.75,-17.44,66.62,-1.680,-5.650,2.220
15922,293.00,-17.94,67.12,-2.110,-6.040,2.020
15936,292.31,-18.50,67.44,-1.710,-6.710,1.600
15948,291.12,-19.50,67.94,-2.340,-7.780,2.000
15960,290.56,-19.94,68.12,-2.370,-8.090,1.320
15972,290.06,-20.31,68.37,-2.060,-8.830,0.360
15986,289.63,-20.56,68.81,-2.050,-8.350,0.260
15998,288.87,-20.88,70.25,-3.130,-8.340,1.960
16010,288.50,-21.00,70.87,-1.850,-7.570,3.310
16022,288.19,-21.06,71.44,-1.570,-7.240,3.670
16036,288.06,-21.12,71.81,-2.450,-7.480,2.950
16048,287.88,-21.50,72.25,-2.490,-8.440,2.450
16060,287.81,-21.69,72.31,-2.540,-8.910,2.300
16072,287.75,-21.81,72.50,-2.750,-9.340,1.820
16086,287.81,-21.81,72.75,-2.530,-9.960,0.850
16098,288.31,-21.56,74.06,-2.840,-10.150,1.380
16111,288.69,-21.19,75.06,-3.450,-9.870,1.990
16123,289.06,-20.75,76.12,-3.360,-8.520,2.330
16137,289.50,-20.31,77.12,-3.060,-7.340,2.830
16149,289.87,-19.69,77.94,-3.470,-8.750,2.940
16161,289.56,-19.62,77.87,-3.290,-8.520,3.450
16173,289.12,-19.56,77.56,-3.310,-8.950,3.300
16187,288.56,-19.50,77.12,-3.780,-8.950,2.800
16199,287.63,-19.19,76.56,-3.950,-9.390,-0.500
16211,287.31,-19.12,76.25,-3.530,-11.440,-3.170
16223,287.38,-18.81,76.50,-1.220,-10.800,-2.470
16237,287.88,-18.00,77.31,-2.740,-9.420,-0.910
16249,289.25,-16.56,79.06,-5.480,-8.130,-0.610
16261,289.87,-16.25,79.81,-4.670,-9.500,0.070
16273,290.56,-15.88,80.62,-5.080,-10.010,-0.330
16287,291.25,-15.50,81.31,-5.270,-9.950,-1.580
16299,292.75,-14.94,82.88,-2.390,-10.540,-1.910
16312,293.56,-14.38,83.81,-2.820,-7.630,1.310
16324,294.19,-14.00,84.31,-4.890,-8.080,1.620
16338,294.37,-13.94,84.50,-1.100,-9.730,0.080
16350,294.44,-14.13,84.62,1.700,-11.300,1.910
16362,294.31,-14.19,84.69,2.920,-11.920,2.430
16374,293.94,-14.31,84.75,4.330,-9.490,3.860
16388,293.37,-14.38,84.75,4.130,-9.450,3.960
16400,292.00,-14.56,84.37,5.150,-6.920,3.760
16438,289.38,-14.75,83.56,-0.100,-6.020,-0.100
16450,288.37,-15.19,83.37,-2.730,-11.700,-1.990
16462,288.12,-15.06,83.75,-5.630,-10.100,-0.520
16474,287.94,-14.87,84.13,-11.590,-10.310,-0.350
16488,287.56,-14.81,84.31,-12.930,-12.280,-2.150
16500,286.37,-15.38,84.50,-10.430,-13.920,-2.900
16512,286.06,-15.38,84.81,-8.500,-13.990,-4.900
16524,286.06,-15.25,85.31,-7.790,-12.850,-5.190
16538,286.31,-14.94,85.81,-6.340,-12.160,-3.480
16550,286.37,-14.75,86.37,-0.310,-6.990,-2.340
16562,286.19,-14.75,86.37,-0.150,-9.540,-2.540
16574,286.12,-14.94,86.37,3.220,-9.800,-0.240
16588,286.00,-15.00,86.63,6.530,-7.540,3.280
16600,286.00,-14.87,86.87,6.510,-6.860,4.630
16613,285.81,-14.81,86.94,5.170,-7.800,4.760
16625,285.50,-14.94,86.75,6.220,-9.490,4.470
16639,285.00,-15.00,86.63,6.860,-8.170,4.790
16651,283.56,-15.00,86.56,0.360,-8.010,-2.370
16663,282.87,-15.06,86.75,0.410,-8.640,0.360
16675,282.50,-15.06,86.94,2.010,-8.240,1.450
16689,282.44,-14.69,87.06,-1.320,-9.160,1.440
16701,281.81,-14.00,86.87,-10.720,-10.160,-3.230
16713,281.06,-14.19,86.56,-10.480,-11.830,-4.310
16725,280.44,-14.44,86.12,-10.430,-14.470,-3.550
16739,280.37,-14.38,85.94,-9.150,-13.780,-2.330
16751,281.31,-13.62,85.87,-9.780,-12.450,-2.030
16763,281.75,-13.25,85.81,-7.200,-11.590,-1.540
16775,282.00,-12.94,85.87,-5.230,-9.940,-1.040
16789,282.19,-12.69,86.25,-3.310,-7.750,-1.050
16801,282.56,-12.69,86.69,2.250,-9.500,1.980
16814,282.44,-12.94,86.75,4.120,-8.690,3.300
16826,282.25,-13.19,86.75,4.840,-8.730,3.710
16840,282.00,-13.44,86.69,5.130,-9.070,4.610
16852,281.25,-14.06,86.50,6.320,-9.850,2.710
16864,280.94,-14.19,86.31,5.720,-9.770,4.010
16876,280.56,-14.38,86.12,5.440,-9.170,4.480
16890,280.06,-14.44,85.87,4.360,-8.530,3.890
16902,278.75,-14.63,85.94,0.720,-6.550,2.380
16914,278.25,-14.75,86.06,0.580,-6.890,2.230
16926,274.75,-14.75,86.00,-1.990,-7.620,1.100
16940,274.00,-14.75,85.81,-5.490,-7.580,0.030
16952,272.44,-15.00,85.12,-10.880,-11.260,-2.140
16964,271.87,-15.25,84.75,-12.940,-13.080,-3.490
16976,268.63,-15.44,84.56,-11.420,-14.180,-1.470
16990,268.69,-15.50,84.37,-9.590,-14.060,-3.620
17002,269.75,-14.81,84.62,-10.210,-12.410,-2.640
17015,270.50,-14.38,84.87,-7.280,-9.770,-0.150
17027,268.37,-14.00,85.31,-4.190,-7.330,-0.590
17041,269.00,-13.75,86.00,-1.650,-6.060,0.170
17053,269.81,-13.75,86.50,4.430,-9.000,3.140
17065,269.87,-13.88,86.69,5.770,-8.820,3.620
17077,267.44,-14.06,86.87,6.200,-8.480,4.260
17091,267.31,-14.31,87.06,8.250,-9.630,5.890
17103,266.94,-14.56,87.19,6.950,-11.060,4.530
17115,266.88,-14.50,87.25,7.410,-8.310,5.940
17127,264.38,-14.25,87.25,5.890,-8.260,4.200
17141,264.19,-13.88,87.19,3.670,-8.310,1.020
17153,263.44,-13.50,87.75,-0.420,-4.580,1.750
17165,262.69,-13.56,87.69,-4.030,-6.790,0.560
17177,259.50,-13.88,87.25,-6.560,-7.940,-0.210
17191,258.38,-14.25,86.75,-11.750,-11.750,-4.050
17203,256.75,-14.81,86.00,-14.300,-14.620,-3.940
17215,256.56,-14.94,85.94,-13.610,-14.990,-2.800
17227,254.63,-14.81,85.94,-12.700,-15.300,-4.730
17241,255.37,-14.38,86.19,-11.880,-13.580,-3.560
17253,257.19,-13.25,86.94,-8.680,-9.970,0.240
17265,258.00,-12.81,87.56,-3.460,-7.510,-1.830
17277,257.12,-12.50,88.19,-1.460,-8.690,0.390
17291,257.87,-12.44,88.56,1.980,-9.330,2.530
17303,258.38,-12.44,88.87,6.530,-9.190,4.650
17316,258.94,-12.37,89.13,7.570,-9.360,4.360
17328,257.25,-12.37,89.25,8.230,-10.040,5.650
17342,257.44,-12.37,89.44,8.130,-11.100,4.130
17354,257.81,-12.00,89.56,8.350,-8.990,2.940
17366,257.81,-11.69,89.81,7.240,-6.650,2.160
17378,255.75,-11.50,90.25,7.920,-5.870,1.170
17392,255.75,-11.25,90.56,4.510,-5.810,0.890
17404,254.69,-11.19,90.44,-4.130,-6.180,-0.820
17442,249.44,-12.44,88.37,-13.750,-14.580,-4.920
17455,248.56,-13.13,87.62,-11.600,-15.160,-3.350
17467,248.81,-12.94,87.56,-11.990,-14.490,-3.500
17479,247.75,-12.44,87.62,-12.220,-12.290,-2.840
17493,248.50,-11.88,87.69,-10.290,-12.710,-3.850
17505,250.50,-11.00,89.00,-3.030,-6.720,-2.020
17517,251.62,-10.56,89.75,1.540,-7.210,3.500
17529,250.81,-10.69,89.87,3.320,-10.390,3.260
17543,251.00,-11.00,89.69,4.930,-11.590,2.380
17555,251.06,-11.44,89.56,8.370,-11.440,3.700
17567,251.19,-11.44,89.81,9.550,-9.070,3.370
17579,249.50,-11.38,90.00,8.010,-9.110,3.080
17593,249.56,-11.31,90.00,9.810,-8.350,3.420
17605,249.00,-11.31,89.69,5.880,-7.470,1.270
17617,248.56,-11.50,89.69,3.740,-6.610,1.570
17629,246.44,-11.69,89.87,2.740,-5.150,2.650
17643,245.63,-12.00,89.81,-0.320,-6.000,1.820
17655,243.06,-13.00,88.62,-9.730,-9.420,-1.640
17667,241.75,-13.69,87.81,-11.030,-10.900,-3.530
17679,239.06,-14.31,87.19,-14.030,-13.050,-3.950
17693,238.31,-14.87,86.81,-12.970,-13.900,-3.390
17705,238.31,-15.13,86.50,-12.850,-13.470,-3.220
17718,238.81,-14.87,86.44,-11.940,-11.860,-2.480
17730,238.19,-14.63,86.37,-9.720,-10.660,-3.500
17744,238.87,-14.31,86.81,-5.980,-7.500,-2.510
17756,240.50,-14.06,88.19,-2.140,-8.080,2.020
17768,240.75,-14.31,88.37,2.340,-9.370,3.640
17780,239.56,-14.75,88.19,2.400,-12.920,3.120
17794,239.38,-15.25,87.94,4.230,-12.950,2.620
17806,239.12,-15.75,88.12,8.580,-9.350,3.410
17818,239.25,-15.75,88.37,6.480,-9.840,4.430
17830,238.12,-15.75,88.37,8.560,-9.860,4.620
17844,238.06,-15.81,88.25,5.120,-9.200,0.340
17856,237.56,-15.81,88.44,6.210,-8.410,-0.130
17868,237.06,-15.94,88.62,2.360,-5.390,0.810
17880,235.00,-16.19,88.50,-1.030,-6.130,0.740
17894,233.81,-16.62,88.06,-3.800,-6.970,-1.340
17906,230.87,-17.69,86.63,-13.630,-11.080,-4.890
17918,229.56,-18.25,85.94,-14.940,-11.600,-3.770
17930,227.06,-18.75,85.56,-15.390,-12.820,-1.920
17944,226.56,-19.06,85.12,-12.440,-12.880,-3.740
17956,227.00,-18.69,84.75,-10.830,-10.430,-1.100
17968,227.56,-18.25,84.62,-10.310,-9.380,0.310
17980,226.75,-17.87,84.75,-3.910,-5.430,0.380
17994,227.25,-17.62,85.06,-1.960,-9.950,0.050
18006,227.81,-17.56,85.25,5.060,-9.630,5.480
18019,228.25,-17.56,85.50,6.550,-10.320,3.710
18031,227.62,-17.50,85.56,8.110,-9.330,5.130
18045,227.50,-17.50,85.69,9.740,-8.630,5.480
18057,227.38,-17.37,85.81,8.980,-9.830,2.840
18069,227.25,-17.37,85.56,7.570,-9.440,2.630
18081,225.94,-17.25,85.38,4.070,-8.740,0.760
18095,225.62,-17.25,85.38,3.420,-6.470,2.380
18107,224.50,-17.50,85.44,-1.720,-8.020,1.040
18119,223.50,-17.69,85.19,-6.040,-6.920,0.340
18131,221.37,-18.00,84.62,-9.160,-8.400,-0.900
18145,220.06,-18.37,83.94,-12.140,-8.530,-1.420
18157,217.94,-19.19,82.75,-16.680,-12.810,-2.360
18169,217.50,-19.44,82.31,-14.860,-13.230,-0.270
18181,216.81,-19.44,82.00,-12.260,-12.420,-3.700
18195,217.44,-19.12,82.00,-12.100,-10.390,-1.540
18207,219.87,-18.12,82.62,-8.580,-9.240,2.610
18220,221.13,-17.62,83.00,-5.890,-7.240,1.580
18232,221.87,-17.19,83.31,-1.810,-10.420,2.640
18246,223.13,-16.94,83.81,1.270,-11.460,4.610
18258,225.25,-16.37,84.75,5.860,-9.930,6.330
18270,226.19,-16.06,85.00,7.660,-9.060,7.350
18282,226.94,-15.75,85.25,8.930,-8.770,5.820
18296,227.75,-15.44,85.69,9.370,-7.830,6.240
18308,229.25,-14.81,86.56,8.500,-9.290,1.350
18320,229.94,-14.63,86.81,6.640,-8.110,1.960
18332,230.56,-14.38,87.06,5.400,-9.040,0.480
18346,231.13,-14.19,87.37,1.930,-7.640,-0.190
18358,231.56,-14.06,88.31,-2.170,-5.940,0.850
18370,231.19,-14.25,88.31,-7.810,-9.070,-2.820
18382,230.56,-14.56,87.81,-11.290,-11.540,-4.440
18396,229.87,-14.87,87.31,-12.840,-12.640,-5.590
18408,229.44,-15.25,86.94,-11.240,-12.430,-4.590
18447,231.69,-14.19,87.25,-9.410,-10.120,-3.580
18459,233.63,-13.44,88.56,-4.170,-8.920,-0.100
18471,234.50,-13.25,89.31,-0.450,-9.040,1.430
18483,234.12,-13.38,89.62,3.350,-11.670,2.290
18497,234.31,-13.56,89.56,3.710,-11.610,2.980
18509,234.37,-13.88,89.44,8.400,-9.380,5.680
18521,234.25,-13.94,89.56,9.040,-9.500,4.510
18533,233.31,-14.00,89.62,8.220,-10.430,3.840
18547,233.31,-13.94,89.56,8.770,-9.370,3.340
18559,233.06,-13.75,89.62,5.260,-7.700,0.630
18571,232.81,-13.75,89.81,2.190,-6.760,1.350
18583,232.37,-13.88,90.06,-1.760,-6.120,1.840
18597,231.63,-14.19,90.00,-5.040,-8.290,-0.570
18609,229.38,-15.19,88.81,-10.140,-11.270,-3.660
18621,228.37,-15.63,88.31,-13.890,-13.080,-5.420
18633,227.69,-15.88,87.94,-13.830,-13.030,-3.360
18647,227.44,-15.94,87.81,-9.990,-12.070,-5.050
18659,228.25,-15.44,87.44,-9.620,-10.860,-3.300
18672,228.94,-15.00,87.25,-9.250,-8.920,-2.890
18684,229.38,-14.56,87.37,-5.880,-5.920,-2.360
18698,229.81,-14.31,87.88,-0.840,-8.430,1.750
18710,230.25,-14.69,88.12,4.270,-12.400,3.780
18722,230.12,-14.94,87.88,4.480,-13.690,3.180
18734,229.38,-14.81,87.88,7.620,-10.130,4.650
18748,229.31,-14.69,87.88,8.230,-8.440,4.520
18760,229.06,-14.44,87.81,7.590,-9.220,3.200
18772,228.56,-14.44,87.50,5.120,-9.160,0.930
18784,227.31,-14.56,87.44,3.680,-8.720,-1.150
18798,226.62,-14.75,87.56,3.170,-8.020,-0.780
18810,224.44,-15.56,87.25,-2.400,-6.830,0.970
18822,222.88,-16.06,86.63,-5.350,-8.300,-0.440
18834,220.56,-16.56,86.06,-11.090,-10.850,-2.860
18848,219.19,-16.87,85.56,-13.850,-12.000,-3.910
18860,217.69,-17.06,84.94,-15.690,-13.370,-3.000
18872,217.75,-16.81,84.75,-11.940,-11.920,-3.230
18884,217.75,-16.31,84.50,-12.010,-11.910,-2.220
18898,218.31,-15.75,84.31,-9.420,-10.070,0.160
18910,219.75,-14.25,84.37,-5.910,-6.060,3.030
18923,220.31,-13.94,84.19,-0.110,-8.110,3.420
18935,220.12,-13.75,84.00,3.700,-8.660,5.400
18949,220.37,-13.44,83.81,6.450,-8.470,6.460
18961,220.50,-13.19,83.81,9.510,-8.710,5.880
18973,220.63,-13.06,83.75,9.380,-10.150,4.470
18985,220.37,-12.88,83.56,9.670,-10.660,3.200
18999,220.56,-12.63,83.50,8.230,-8.930,2.980
19011,220.37,-12.44,83.94,4.250,-7.040,0.310
19023,220.06,-12.56,84.06,1.700,-8.880,1.020
19035,219.06,-12.81,84.13,0.490,-8.980,0.180
19049,218.12,-13.13,83.94,-1.450,-9.110,0.460
19061,215.87,-13.69,82.94,-7.610,-10.610,-2.320
19073,214.88,-13.94,82.31,-9.720,-11.830,-3.270
19085,213.75,-14.06,81.75,-12.370,-13.170,-3.250
19099,213.44,-14.06,81.44,-12.780,-12.650,-1.610
19111,213.87,-13.56,81.12,-12.440,-10.340,-0.090
19123,214.25,-13.44,80.87,-11.320,-11.200,-0.570
19135,214.50,-13.38,80.69,-11.040,-11.620,0.280
19149,215.12,-13.44,81.00,-8.880,-9.170,2.740
19161,216.69,-13.56,81.81,-2.260,-10.390,5.640
19174,217.44,-13.69,82.06,1.060,-11.830,5.180
19186,218.19,-13.62,82.31,1.880,-12.290,6.410
19200,219.06,-13.44,82.62,4.960,-9.350,7.910
19212,220.69,-12.81,83.62,7.360,-8.490,6.360
19224,221.37,-12.50,84.19,9.850,-6.910,5.910
19236,221.75,-12.19,84.69,8.420,-8.390,2.940
19250,222.44,-11.94,84.87,9.920,-8.470,2.310
19262,223.13,-11.56,85.19,3.550,-7.300,-1.910
19274,223.19,-11.69,85.56,4.860,-5.410,-0.060
19286,222.75,-11.94,85.81,1.580,-6.830,-0.020
19300,222.31,-12.25,85.87,-1.620,-7.360,0.310
19312,220.94,-12.94,85.31,-11.000,-11.390,-3.380
19324,220.44,-13.25,85.19,-13.160,-12.480,-4.210
19336,220.12,-13.44,85.12,-13.540,-13.810,-3.190
19350,220.50,-13.50,85.25,-11.650,-13.430,-3.430
19362,222.94,-12.69,86.06,-10.940,-11.880,-3.820
19374,224.37,-12.19,86.56,-8.190,-9.610,2.130
19386,224.88,-11.88,87.00,-4.690,-7.380,6.330
19400,225.31,-11.81,87.37,-1.280,-4.800,3.150
19412,226.56,-11.75,88.19,3.730,-9.180,2.910
19451,227.62,-11.69,88.87,8.370,-9.710,1.550
19463,228.75,-11.31,89.31,8.720,-9.240,3.460
19475,229.19,-11.06,89.19,10.370,-9.060,4.330
19487,228.62,-10.88,89.00,3.650,-7.770,-0.250
19501,228.25,-10.88,89.13,2.600,-7.400,-2.440
19513,227.25,-11.44,89.50,-2.100,-7.590,0.860
19525,226.19,-12.00,89.19,-4.530,-8.000,0.080
19537,224.69,-12.50,88.62,-8.030,-11.080,-1.920
19551,223.81,-12.88,88.19,-9.910,-11.490,-3.220
19563,223.13,-13.19,87.88,-13.000,-12.640,-1.810
19575,223.56,-13.00,87.88,-9.430,-12.160,-3.470
19587,224.25,-12.56,88.06,-9.150,-11.100,-3.730
19601,225.44,-11.94,88.12,-7.580,-10.170,-1.740
19613,227.00,-10.94,88.37,-6.990,-6.590,-0.880
19625,227.75,-10.75,89.00,-0.870,-8.410,-1.070
19637,228.00,-10.75,89.37,2.750,-10.210,2.380
19651,228.31,-10.88,89.37,5.140,-11.130,3.640
19663,228.50,-10.81,89.06,8.000,-11.230,2.850
19676,228.62,-10.63,89.06,9.470,-9.500,3.320
19688,228.44,-10.38,89.13,10.890,-7.950,4.260
19702,228.50,-10.19,89.19,10.540,-7.620,4.290
19714,228.06,-10.06,88.81,6.910,-7.890,1.520
19726,227.56,-10.13,88.75,5.760,-7.750,1.040
19738,226.37,-10.25,88.94,0.970,-6.780,1.650
19752,225.56,-10.50,89.13,-0.180,-5.560,1.620
19764,222.69,-11.69,88.06,-8.980,-11.150,-1.200
19776,221.19,-12.25,87.31,-11.320,-11.300,-2.850
19788,219.44,-12.69,86.75,-13.920,-11.560,-4.130
19802,218.50,-12.94,86.31,-14.810,-12.450,-4.630
19814,218.25,-12.94,85.69,-12.780,-13.140,-3.250
19826,218.69,-12.56,85.38,-11.580,-12.070,-2.560
19838,219.00,-12.13,85.06,-10.060,-8.870,-0.370
19852,219.37,-11.88,85.19,-6.270,-6.050,-0.930
19864,220.25,-12.00,85.56,-1.530,-10.070,3.540
19876,220.31,-12.31,85.38,4.330,-12.440,6.550
19888,219.87,-12.50,85.00,5.270,-12.470,6.930
19902,219.75,-12.56,84.75,6.890,-11.130,6.380
19914,219.87,-12.37,84.81,9.800,-9.200,3.640
19927,220.19,-12.19,85.06,9.050,-8.150,6.900
19939,220.12,-12.13,85.19,8.860,-8.990,5.140
19953,220.25,-12.19,85.44,6.870,-7.490,3.370
19965,220.56,-12.44,86.56,3.160,-8.740,3.710
19977,220.37,-12.69,87.00,1.180,-6.710,5.550
19989,219.75,-12.88,87.12,-4.110,-8.580,0.820
20003,219.13,-13.00,87.19,-6.820,-8.160,-1.350
20015,217.50,-13.56,87.00,-13.180,-10.260,-6.490
20027,216.94,-13.88,86.69,-14.320,-13.660,-8.720
20039,216.50,-14.06,86.50,-13.610,-14.510,-6.200
20053,217.13,-13.88,86.50,-8.780,-11.780,-5.990
20065,219.06,-12.88,86.06,-10.540,-10.270,-3.390
20077,219.75,-12.50,85.75,-9.980,-11.310,-5.490
20089,220.25,-12.31,86.31,-4.440,-7.930,-1.000
20103,221.19,-12.13,86.75,-0.860,-9.080,2.090
20115,222.00,-12.19,86.63,3.650,-11.300,6.260
20127,222.00,-12.13,86.31,6.940,-10.520,6.110
20139,221.62,-12.00,86.19,9.060,-9.680,5.610
20153,221.44,-11.88,86.12,10.380,-7.760,7.700
20165,221.31,-11.69,86.37,9.770,-8.920,4.420
20178,221.31,-11.56,86.44,10.400,-8.720,1.820
20190,220.69,-11.50,86.50,5.960,-8.260,1.260
20204,220.37,-11.69,86.81,5.520,-7.870,1.750
20216,219.13,-12.31,87.44,0.140,-6.800,2.610
20228,217.94,-12.81,87.25,-2.980,-9.780,0.950
20240,216.19,-13.19,86.94,-8.870,-9.670,-2.170
20254,214.69,-13.56,86.56,-11.010,-10.060,-3.890
20266,212.38,-14.13,86.00,-15.720,-12.640,-4.950
20278,211.75,-14.25,85.81,-13.890,-12.520,-2.450
20290,211.44,-14.19,85.75,-11.900,-11.410,-3.050
20304,211.87,-13.81,85.75,-11.900,-10.980,-3.210
20316,213.19,-12.88,85.38,-7.460,-8.290,2.430
20328,213.50,-12.69,85.44,-3.350,-5.990,2.530
20340,213.62,-12.63,85.69,1.110,-11.230,3.030
20354,213.75,-12.75,85.56,4.820,-13.220,4.170
20366,213.75,-12.75,85.31,7.780,-11.360,5.430
20378,213.75,-12.63,85.25,10.840,-8.950,3.420
20390,213.69,-12.44,85.31,9.110,-8.840,4.130
20404,213.56,-12.37,85.19,11.590,-9.480,4.920
20416,212.63,-12.37,84.62,4.350,-7.070,0.630
20455,209.44,-13.56,84.75,-1.340,-7.380,3.430
20467,206.00,-14.56,84.00,-6.840,-8.510,-0.670
20479,204.13,-15.06,83.56,-9.610,-9.530,-2.600
20491,202.50,-15.50,83.19,-13.350,-9.680,-2.940
20505,201.19,-15.75,82.81,-15.460,-11.390,-5.140
20517,200.19,-15.88,82.06,-12.150,-10.630,-1.590
20529,200.50,-15.56,81.87,-12.380,-10.060,-1.410
20541,201.25,-15.19,81.63,-11.170,-9.720,-0.880
20555,201.88,-14.87,81.44,-9.380,-8.780,1.020
20567,203.31,-14.38,81.63,-3.310,-12.260,2.590
20579,203.94,-14.31,81.56,1.940,-11.540,6.470
20591,204.87,-14.06,81.50,5.300,-10.400,6.290
20605,205.37,-13.69,81.44,7.980,-9.190,6.430
20617,206.13,-13.13,81.37,11.740,-7.460,7.780
20629,206.13,-13.00,81.31,8.780,-7.870,4.820
20641,205.94,-13.00,81.19,9.190,-9.670,3.650
20655,205.69,-13.19,80.94,6.960,-9.990,2.830
20667,204.81,-13.69,80.94,-0.270,-7.590,2.140
20680,204.25,-14.19,81.25,-2.830,-7.230,3.620
20692,203.50,-14.75,81.37,-5.280,-8.840,3.020
20706,202.62,-15.38,81.31,-9.830,-11.550,0.180
20718,201.56,-16.12,81.12,-13.690,-12.700,-3.060
20730,201.62,-16.25,81.25,-14.150,-12.530,-2.560
20742,202.38,-16.12,81.50,-10.780,-10.260,-1.870
20756,203.56,-15.75,81.94,-10.860,-9.240,-1.050
20768,206.94,-14.69,82.44,-8.920,-8.890,3.470
20780,208.31,-14.31,82.50,-4.800,-5.650,1.270
20792,209.37,-14.06,83.12,-2.960,-6.620,-0.020
20806,210.75,-13.88,83.75,-1.260,-11.530,1.210
20818,213.44,-13.38,84.69,4.170,-9.890,5.990
20830,214.69,-12.88,85.00,5.400,-9.060,5.740
20842,215.81,-12.37,85.38,7.840,-6.490,5.410
20856,216.69,-12.00,85.75,8.130,-6.560,4.140
20868,218.44,-11.56,86.44,7.140,-7.470,2.430
20880,219.25,-11.44,86.44,5.560,-9.860,0.450
20892,219.62,-11.38,86.37,2.780,-9.670,0.040
20906,220.19,-11.31,86.44,2.140,-10.030,-0.960
20918,221.13,-11.25,87.00,-3.710,-9.630,-1.290
20931,221.25,-11.31,87.25,-5.060,-11.070,-2.190
20943,221.06,-11.38,87.31,-6.910,-11.350,-2.620
20957,221.00,-11.38,87.25,-10.540,-13.320,-6.110
20969,221.31,-11.19,87.31,-7.690,-10.360,-3.820
20981,221.69,-10.94,87.31,-8.670,-10.710,-3.510
20993,221.75,-10.81,87.12,-7.330,-10.270,-3.750
21007,222.06,-10.63,87.00,-6.400,-8.590,-3.140
21019,222.44,-10.69,87.31,-1.380,-8.900,1.880
21031,222.37,-10.94,87.37,1.430,-10.350,1.920
21043,221.81,-11.31,87.25,0.980,-11.490,3.630
21057,221.56,-11.63,87.19,4.930,-9.850,3.360
21069,221.06,-12.13,87.12,7.750,-11.090,2.520
21081,221.00,-12.25,87.06,6.480,-11.160,2.060
21093,220.94,-12.25,87.12,6.630,-9.780,1.160
21107,221.19,-12.19,87.25,6.540,-7.650,3.000
21119,221.69,-12.06,87.75,3.450,-7.860,2.890
21131,221.56,-12.19,87.88,-0.680,-8.830,1.750
21143,220.81,-12.37,87.94,-2.370,-8.940,0.240
21157,220.25,-12.63,87.94,-4.510,-9.250,-0.350
21169,218.75,-13.13,87.69,-11.300,-11.620,-4.900
21181,218.12,-13.31,87.50,-12.000,-13.310,-6.370
21193,217.31,-13.38,87.31,-12.270,-13.590,-5.470
21207,217.25,-13.25,87.31,-8.560,-11.170,-4.620
21219,217.87,-12.44,87.12,-8.260,-10.160,-3.970
21232,218.12,-12.00,86.94,-7.210,-9.150,-4.280
21244,218.06,-11.69,87.12,-3.850,-5.250,-2.760
21258,218.31,-11.50,87.31,-2.650,-7.570,-0.320
21270,218.00,-11.88,87.00,2.740,-11.790,3.460
21282,217.50,-12.13,86.63,5.250,-12.360,2.910
21294,216.94,-12.31,86.25,6.090,-10.790,5.510
21308,216.31,-12.37,85.87,7.850,-10.250,4.580
21320,215.37,-12.50,85.38,8.710,-8.180,5.440
21332,215.00,-12.56,85.12,8.330,-8.620,4.440
21344,214.31,-12.69,84.75,5.920,-8.490,3.120
21358,213.87,-12.88,84.69,5.340,-6.870,5.710
21370,212.81,-13.44,84.81,0.990,-8.380,4.100
21382,212.00,-13.75,84.81,-3.770,-7.710,3.420
21394,211.00,-14.13,84.69,-6.110,-8.170,2.400
21408,209.75,-14.56,84.44,-8.760,-8.520,1.070
21420,207.19,-15.50,83.87,-14.240,-11.450,-3.550
21459,205.87,-16.31,83.19,-10.710,-11.210,-2.220
21471,207.37,-15.75,82.81,-10.690,-9.760,-1.860
21483,208.19,-15.50,82.56,-8.920,-8.340,-1.630
21495,209.00,-15.38,82.75,-4.790,-7.290,0.960
21509,209.81,-15.44,83.06,-1.470,-8.510,3.270
21521,210.88,-15.94,83.06,5.300,-10.400,6.050
21533,211.12,-16.19,82.81,5.180,-10.950,6.220
21545,211.25,-16.25,82.56,7.760,-10.010,6.360
21559,211.31,-16.31,82.37,9.310,-10.100,7.100
21571,211.81,-16.12,82.56,8.200,-9.000,5.560
21583,212.19,-16.00,82.69,9.640,-9.920,3.650
21595,212.50,-15.94,82.81,4.750,-6.570,3.770
21609,212.81,-15.88,83.19,4.650,-7.690,1.230
21621,213.00,-16.06,84.19,-0.340,-5.910,2.600
21633,212.56,-16.37,84.31,-7.810,-8.410,-0.220
21645,211.81,-16.69,84.13,-10.230,-9.730,-3.090
21659,210.88,-17.06,83.87,-12.670,-9.920,-3.690
21671,209.25,-17.69,83.37,-16.580,-14.520,-5.610
21683,209.12,-17.75,83.25,-12.650,-13.810,-4.730
21695,209.37,-17.44,83.25,-11.760,-11.560,-4.020
21709,210.25,-16.81,83.19,-12.550,-13.020,-4.100
21721,212.12,-15.56,83.00,-6.080,-4.040,-2.530
21734,213.06,-15.06,83.50,-5.450,-5.620,-1.030
21746,213.50,-14.87,83.87,0.230,-6.980,5.730
21760,213.87,-15.00,83.87,1.480,-10.550,7.050
21772,213.75,-15.50,83.00,8.450,-11.690,5.910
21784,213.56,-15.50,82.69,9.770,-9.990,7.610
21796,213.25,-15.50,82.50,12.360,-8.640,6.810
21810,213.25,-15.44,82.44,10.790,-9.460,3.590
21822,213.62,-15.38,82.25,8.050,-10.610,4.390
21834,213.81,-15.31,82.25,5.940,-7.940,3.740
21846,213.75,-15.38,82.62,1.090,-9.020,3.500
21860,213.50,-15.56,83.00,-0.330,-8.760,4.210
21872,212.25,-16.25,83.25,-6.670,-9.970,0.990
21884,211.19,-16.50,83.19,-9.920,-7.880,-2.060
21896,209.75,-16.75,83.00,-12.820,-9.330,-3.730
21910,208.81,-17.00,82.75,-13.660,-10.030,-5.120
21922,207.94,-17.19,82.69,-11.300,-9.160,-1.830
21935,208.31,-16.94,82.81,-12.400,-9.960,-2.010
21947,209.19,-16.44,82.81,-12.090,-9.650,-3.180
21961,210.25,-15.88,82.69,-11.080,-10.020,-4.410
21973,212.44,-14.75,83.50,-6.550,-7.340,0.430
21985,213.62,-14.44,84.06,-4.010,-9.010,2.070
21997,214.44,-14.31,84.50,0.960,-13.200,5.170
22011,215.12,-14.19,84.62,2.980,-12.950,5.350
22023,216.00,-13.62,84.75,9.980,-9.180,6.920
22035,216.38,-13.25,84.94,12.680,-8.480,6.820
22047,216.44,-12.94,85.25,11.920,-9.160,2.740
22061,216.63,-12.75,85.44,9.080,-10.640,2.300
22073,216.94,-12.56,85.56,8.220,-7.980,3.800
22085,216.94,-12.50,85.75,6.810,-6.430,2.840
22097,216.63,-12.69,85.87,0.420,-7.300,0.950
22111,216.00,-12.94,86.00,-0.980,-6.230,1.130
22123,214.25,-13.81,85.94,-7.750,-7.930,-0.330
22135,213.12,-14.25,85.56,-12.570,-8.820,-3.070
22147,212.25,-14.50,85.25,-14.540,-9.960,-3.840
22161,211.50,-14.69,85.00,-15.590,-11.010,-3.800
22173,211.44,-14.69,84.69,-12.020,-10.700,-2.060
22185,212.31,-14.13,84.44,-11.490,-11.550,-1.520
22197,213.00,-13.56,84.31,-12.170,-12.330,-1.860
22211,213.75,-13.13,84.94,-4.760,-5.620,-3.530
22223,215.00,-12.88,85.81,-0.070,-11.120,3.820
22236,215.19,-12.81,85.69,3.730,-11.940,4.200
22248,215.25,-12.69,85.62,6.390,-12.950,3.120
22262,215.31,-12.37,85.69,7.600,-11.310,5.220
22274,215.50,-12.06,86.06,9.280,-9.600,4.710
22286,215.56,-12.13,86.00,11.610,-9.870,5.110
22298,215.25,-12.06,85.75,7.560,-11.260,3.060
22312,215.25,-12.13,85.75,8.190,-10.600,1.970
22324,214.56,-12.50,85.87,3.870,-7.050,3.000
22336,213.69,-12.94,85.75,0.860,-7.500,2.840
22348,212.38,-13.44,85.56,-4.240,-7.870,1.620
22362,211.12,-13.88,85.19,-7.700,-7.790,0.510
22374,208.75,-14.81,84.37,-11.450,-9.340,-2.710
22386,208.00,-15.06,84.13,-14.480,-10.640,-3.870
22398,207.69,-15.13,83.94,-15.280,-12.160,-3.340
22412,208.13,-14.94,83.94,-11.330,-10.680,-3.010
22424,210.00,-13.88,83.94,-10.560,-10.030,-2.970
22463,212.75,-12.81,85.19,-0.430,-9.270,1.590
22475,213.69,-12.81,85.31,3.800,-11.980,4.940
22487,213.81,-12.75,85.19,5.590,-12.560,4.290
22499,213.81,-12.56,85.19,8.120,-10.490,4.880
22513,213.87,-12.50,85.19,9.780,-10.320,5.340
22525,213.81,-12.37,85.38,9.430,-9.390,4.520
22537,213.62,-12.44,85.25,8.010,-9.690,4.730
22549,213.31,-12.50,85.12,6.650,-9.860,2.840
22563,213.00,-12.63,85.31,3.840,-9.690,0.680
22575,211.81,-13.25,85.81,-0.970,-7.110,3.390
22587,210.81,-13.69,85.75,-3.070,-7.270,1.880
22599,209.37,-14.13,85.56,-9.150,-8.030,-1.270
22613,208.25,-14.56,85.31,-11.280,-8.810,-2.850
22625,206.81,-15.19,84.87,-14.500,-11.070,-3.700
22637,207.00,-15.13,84.75,-12.100,-12.250,-5.260
22649,207.62,-14.81,84.87,-12.950,-12.220,-4.860
22663,208.69,-14.25,84.94,-11.310,-10.400,-2.380
22675,210.31,-13.31,85.31,-4.530,-4.860,-1.480
22687,211.19,-13.13,85.75,-3.470,-8.570,-0.420
22699,211.87,-13.00,86.00,-0.840,-11.280,0.940
22713,212.44,-12.94,86.12,3.960,-11.080,5.010
22725,213.06,-12.50,86.12,6.900,-10.190,4.490
22738,213.25,-12.25,86.25,8.320,-9.830,3.510
22750,213.37,-12.06,86.44,10.400,-8.810,2.930
22764,213.62,-11.94,86.63,9.550,-8.880,3.920
22776,213.87,-11.88,86.69,5.870,-8.310,2.470
22788,213.81,-12.00,86.94,3.930,-8.290,2.060
22800,213.50,-12.13,87.25,1.380,-8.740,1.700
22814,213.19,-12.37,87.50,0.470,-7.980,2.950
22826,212.00,-12.88,87.31,-7.830,-8.920,-0.220
22838,211.31,-13.06,87.06,-10.420,-9.790,-2.200
22850,210.81,-13.25,86.87,-13.780,-11.310,-4.970
22864,210.69,-13.31,86.75,-14.920,-12.670,-5.010
22876,211.94,-12.69,86.63,-11.300,-13.320,-5.220
22888,213.12,-12.00,86.50,-10.530,-12.220,-3.650
22900,214.38,-11.38,86.44,-9.440,-10.870,-4.140
22914,215.37,-10.94,86.81,-4.520,-7.980,-2.370
22926,217.06,-10.50,87.50,4.920,-11.870,3.570
22938,217.44,-10.38,87.31,6.010,-13.230,4.160
22950,217.69,-10.13,87.12,7.900,-12.050,3.670
22964,217.94,-9.81,87.06,10.910,-7.800,4.080
22976,218.00,-9.63,87.06,11.320,-6.840,4.450
22989,217.87,-9.75,86.81,10.220,-8.490,5.570
23001,217.44,-9.88,86.50,7.220,-9.010,3.350
23015,217.06,-10.00,86.44,4.280,-8.210,2.080
23027,216.25,-10.38,86.69,-1.530,-8.130,2.210
23039,215.56,-10.63,86.56,-4.180,-7.720,1.050
23051,214.69,-10.88,86.31,-6.780,-8.950,-0.920
23065,213.81,-11.12,85.94,-8.410,-8.960,-2.030
23077,212.75,-11.44,85.38,-12.760,-10.970,-4.230
23089,212.81,-11.38,85.19,-11.840,-11.410,-2.160
23101,213.25,-11.06,85.00,-12.560,-12.620,-3.790
23115,213.94,-10.69,84.94,-10.080,-10.600,-3.420
23127,215.62,-9.88,85.38,-7.160,-8.230,-1.650
23139,216.38,-9.63,85.69,-2.910,-9.090,0.790
23151,216.75,-9.50,85.81,-1.770,-12.210,2.360
23165,217.19,-9.50,85.81,1.470,-12.330,3.050
23177,217.44,-9.38,85.81,8.060,-10.420,5.410
23189,217.50,-9.31,85.75,9.000,-11.170,5.300
23201,217.50,-9.25,85.87,10.390,-9.730,5.740
23215,217.62,-9.19,86.00,9.130,-10.440,4.160
23227,217.94,-9.13,86.19,9.030,-8.370,4.510
23240,217.81,-9.19,86.44,6.900,-7.130,4.330
23252,217.62,-9.38,86.69,2.900,-8.580,1.470
23266,217.19,-9.56,87.06,0.220,-6.640,2.660
23278,215.75,-10.13,87.37,-8.070,-7.680,-0.950
23290,214.88,-10.44,87.31,-9.580,-9.010,-3.840
23302,214.06,-10.69,87.19,-12.340,-10.030,-4.790
23316,213.62,-10.88,87.19,-13.580,-11.920,-5.530
23328,214.50,-10.44,87.50,-10.170,-11.080,-5.010
23340,215.50,-9.88,87.69,-9.410,-10.030,-3.950
23352,216.56,-9.31,87.62,-8.070,-10.970,-2.080
23366,217.37,-8.75,87.75,-5.840,-6.130,-0.650
23378,218.81,-8.25,88.50,-2.050,-10.450,-1.900
23390,219.13,-8.44,88.50,5.330,-11.650,4.670
23402,219.19,-8.50,88.37,6.560,-11.660,5.500
23416,219.06,-8.44,88.19,7.300,-10.800,5.160
23428,218.88,-8.44,88.00,11.090,-10.090,2.350
23467,219.13,-8.50,87.69,6.020,-6.940,3.200
23479,218.69,-8.94,88.00,2.670,-9.050,1.370
23491,218.25,-9.25,88.31,-1.840,-9.190,2.210
23503,217.62,-9.50,88.37,-5.570,-10.460,0.730
23517,216.81,-9.75,88.25,-7.560,-10.070,-0.640
23529,215.12,-10.13,87.94,-12.520,-10.490,-5.940
23541,214.63,-10.19,87.88,-12.990,-11.990,-7.000
23553,214.31,-10.19,87.81,-10.770,-11.290,-4.730
23567,214.56,-9.94,87.75,-8.430,-10.860,-4.970
23579,215.56,-9.19,87.31,-7.020,-9.910,-4.790
23591,215.94,-8.94,87.31,-5.520,-7.770,-4.030
23603,216.12,-8.88,87.44,-0.580,-6.590,-2.400
23617,216.25,-9.00,87.37,1.580,-6.530,1.920
23629,215.25,-9.88,86.19,4.860,-9.350,4.520
23641,214.44,-10.25,85.44,7.130,-11.570,4.360
23653,213.50,-10.56,84.87,8.420,-10.840,4.980
23667,212.75,-10.75,84.37,9.510,-10.760,4.130
23679,211.81,-10.88,83.31,9.040,-8.880,6.030
23692,211.25,-10.94,82.75,6.340,-7.750,5.100
23704,210.44,-11.19,82.37,3.760,-6.960,4.270
23718,209.62,-11.63,82.12,1.350,-9.520,4.500
23730,207.62,-12.69,81.75,-2.180,-9.350,3.230
23742,206.56,-13.19,81.56,-6.770,-8.480,0.960
23754,205.44,-13.62,81.37,-9.260,-7.430,0.590
23768,204.19,-14.13,81.19,-10.950,-7.920,-0.680
23780,202.19,-15.06,80.62,-15.020,-13.720,-4.610
23792,201.81,-15.38,80.38,-11.800,-13.690,-3.650
23804,202.19,-15.38,80.31,-11.650,-12.190,-3.700
23818,202.62,-15.19,80.25,-10.250,-10.220,-2.820
23830,203.62,-14.75,79.87,-3.440,-6.460,2.750
23842,203.75,-14.75,79.87,-0.870,-6.120,0.820
23854,203.88,-14.94,79.69,3.910,-12.890,4.160
23868,203.69,-15.19,79.37,4.970,-14.200,5.500
23880,203.19,-15.06,78.75,8.470,-9.960,6.520
23892,202.87,-14.87,78.50,10.630,-7.750,4.100
23904,202.69,-14.81,78.25,8.780,-7.480,5.120
23918,202.31,-14.75,77.87,10.190,-8.980,5.550
23930,200.94,-14.81,76.87,5.100,-5.830,3.460
23943,199.94,-15.13,76.31,3.680,-8.110,0.800
23955,198.75,-15.56,75.94,2.690,-6.480,4.440
23969,197.44,-16.12,75.50,-2.430,-5.710,6.650
23981,193.81,-17.19,74.12,-10.110,-7.240,2.940
23993,191.75,-17.75,73.12,-16.290,-11.960,-2.990
24005,190.19,-18.19,72.06,-18.560,-15.780,-5.820
24019,189.19,-18.31,71.31,-18.120,-14.170,-2.720
24031,189.06,-17.75,70.75,-14.220,-7.800,2.150
24043,189.37,-17.25,70.37,-10.510,-9.070,1.780
24055,190.12,-16.94,69.94,-8.680,-10.930,1.780
24069,190.75,-16.50,69.75,-9.730,-10.150,1.020
24081,192.62,-16.06,70.56,-0.120,-8.840,5.540
24093,193.62,-15.88,70.81,0.270,-12.720,5.720
24105,194.37,-15.69,71.06,5.300,-9.610,7.510
24119,195.06,-15.38,71.25,5.980,-8.810,8.000
24131,195.69,-14.87,71.62,8.790,-8.760,6.040
24143,195.75,-14.81,71.75,7.600,-9.660,4.460
24155,196.06,-14.75,71.81,8.320,-9.990,4.730
24169,196.12,-14.63,71.75,6.860,-8.700,4.910
24181,195.12,-14.75,71.56,0.810,-6.680,1.920
24194,194.25,-15.13,71.62,0.900,-7.110,2.810
24206,193.44,-15.44,71.56,-2.030,-7.210,3.340
24220,192.37,-15.81,71.31,-8.590,-7.870,2.300
24232,190.38,-16.37,70.50,-14.540,-11.390,0.220
24244,189.81,-16.69,70.25,-14.890,-12.580,2.710
24256,190.06,-16.81,70.12,-12.660,-12.650,1.410
24270,190.56,-16.75,70.19,-12.810,-11.600,1.920
24282,192.69,-16.19,70.75,-8.090,-8.610,8.680
24294,194.00,-15.94,71.25,-2.760,-6.240,6.150
24306,195.62,-15.56,71.87,-6.910,-11.620,3.390
24320,197.56,-15.25,72.56,-3.210,-10.240,5.840
24332,201.94,-14.25,74.31,0.790,-6.830,10.250
24344,204.06,-13.62,75.25,1.490,-4.600,11.210
24356,206.00,-13.25,75.94,4.250,-8.910,7.220
24370,207.44,-12.88,76.50,5.500,-10.500,5.430
24382,210.06,-12.13,78.25,8.610,-8.560,3.390
24394,211.31,-11.75,79.12,10.830,-8.700,1.850
24406,212.63,-11.44,80.00,10.180,-8.180,-1.240
24420,213.81,-11.12,80.75,8.480,-7.650,0.670
24432,215.56,-10.88,81.69,3.610,-9.240,-0.490
24471,216.31,-11.12,83.00,-3.670,-9.870,-1.410
24483,215.75,-11.63,83.12,-6.460,-10.510,-4.530
24495,215.25,-11.88,82.94,-9.020,-9.800,-5.630
24507,214.50,-12.13,82.69,-9.490,-9.480,-4.210
24521,214.19,-12.37,82.44,-10.730,-9.290,-3.190
24533,213.87,-12.75,81.81,-10.190,-10.250,-2.000
24545,213.94,-12.81,81.37,-8.160,-9.890,-1.140
24557,214.00,-12.88,81.00,-7.440,-9.500,0.000
24571,214.00,-13.06,80.81,-4.920,-9.110,1.670
24583,213.56,-13.69,80.94,1.240,-12.860,6.640
24595,213.19,-14.00,80.81,4.370,-12.620,8.230
24607,213.00,-14.06,80.62,8.230,-9.950,5.550
24621,213.00,-13.88,80.56,8.290,-8.550,4.500
24633,213.37,-13.62,80.69,8.370,-8.400,6.150
24645,213.62,-13.50,80.56,5.080,-8.070,2.800
24657,213.69,-13.50,80.50,5.200,-7.880,1.480
24671,213.69,-13.69,80.62,5.910,-5.780,2.000
24683,212.88,-14.38,80.56,-1.690,-7.220,-0.040
24696,212.06,-14.94,80.44,-4.150,-8.270,-0.200
24708,211.19,-15.44,80.12,-7.620,-9.470,-1.240
24722,210.25,-15.94,79.75,-12.460,-11.080,-3.010
24734,208.75,-16.69,78.94,-14.450,-12.300,-2.340
24746,208.44,-16.87,78.62,-11.530,-12.350,-2.700
24758,208.56,-16.81,78.31,-10.640,-11.930,-1.760
24772,208.94,-16.56,78.00,-10.290,-10.570,-0.410
24784,209.37,-16.06,77.44,-4.460,-5.980,0.040
24796,209.56,-16.12,77.62,-2.910,-8.360,3.600
24808,209.62,-16.37,77.69,-0.300,-10.970,5.560
24822,209.50,-16.75,77.56,1.250,-11.990,6.990
24834,209.12,-17.00,77.19,5.630,-9.890,8.480
24846,209.06,-16.94,77.06,7.790,-10.080,5.870
24858,209.00,-16.75,77.12,8.210,-8.140,5.380
24872,209.19,-16.62,77.25,7.430,-7.670,7.540
24884,209.69,-16.44,77.12,4.240,-8.280,3.720
24896,209.87,-16.37,77.25,4.820,-5.100,4.300
24908,209.62,-16.50,77.44,3.200,-6.310,3.400
24922,209.44,-16.69,77.50,1.190,-6.400,2.310
24934,208.31,-17.31,77.19,-5.690,-7.590,0.330
24947,207.50,-17.75,76.81,-8.300,-8.900,-0.450
24959,206.63,-18.12,76.31,-10.860,-10.030,-1.300
24973,205.87,-18.44,75.81,-14.260,-10.630,-2.270
24985,205.00,-18.87,75.00,-13.240,-11.820,-1.860
24997,205.12,-18.94,74.69,-11.950,-12.110,-1.500
25009,205.50,-18.75,74.44,-10.520,-11.550,-0.690
25023,206.19,-18.44,74.12,-10.810,-11.070,0.070
25035,207.12,-18.06,74.00,-4.770,-8.880,0.560
25047,207.50,-18.19,74.06,-1.840,-9.860,4.640
25059,207.37,-18.50,74.00,0.300,-12.830,6.960
25073,207.50,-18.81,73.87,2.260,-12.970,7.720
25085,207.69,-18.87,73.37,6.230,-10.750,7.130
25097,207.94,-18.62,73.25,7.660,-8.920,7.280
25109,208.13,-18.37,73.31,7.750,-5.740,8.080
25123,208.44,-18.19,73.44,7.660,-7.530,8.040
25135,208.69,-18.25,73.31,4.490,-7.120,5.580
25148,208.56,-18.44,73.44,3.020,-6.290,4.260
25160,208.13,-18.62,73.56,1.730,-6.620,3.050
25174,207.75,-18.81,73.56,-1.650,-5.960,3.070
25186,206.38,-19.50,73.00,-9.210,-8.900,0.070
25198,205.62,-19.81,72.56,-12.070,-8.690,-0.440
25210,204.69,-20.19,72.19,-14.030,-10.330,-1.390
25224,204.13,-20.56,72.00,-13.800,-12.980,-0.780
25236,204.25,-20.88,71.87,-10.480,-12.480,-2.000
25248,205.06,-20.62,72.00,-8.800,-10.150,0.370
25260,206.13,-20.25,72.00,-8.790,-10.010,0.820
25274,207.00,-19.81,71.75,-7.410,-7.420,1.700
25286,208.06,-19.44,72.19,-1.860,-10.280,2.080
25298,208.63,-19.56,72.25,2.210,-10.340,5.630
25310,208.75,-19.94,72.19,2.930,-11.090,7.220
25324,208.94,-20.06,71.94,3.250,-11.650,7.640
25336,209.19,-19.94,71.44,7.070,-8.780,6.110
25348,209.50,-19.75,71.31,7.810,-7.230,5.410
25360,209.62,-19.62,71.37,7.070,-5.650,8.550
25374,209.87,-19.56,71.31,5.910,-7.190,7.170
25386,209.87,-19.69,70.81,1.110,-7.240,3.470
25398,209.75,-19.94,70.87,-0.650,-6.700,4.260
25410,209.62,-20.12,70.87,-3.450,-6.360,4.280
25424,209.19,-20.37,70.75,-4.170,-6.050,3.800
25436,208.19,-20.94,69.75,-12.820,-10.220,-0.140
25475,207.50,-21.44,69.06,-12.230,-12.860,-0.210
25487,208.81,-21.19,69.06,-9.760,-10.790,1.310
25499,209.81,-20.62,69.06,-9.090,-10.230,0.140
25511,210.56,-20.37,69.06,-6.990,-8.110,-1.840
25525,211.50,-20.06,69.12,-4.740,-6.220,-0.370
25537,212.94,-20.25,69.37,1.200,-9.870,7.070
25549,213.25,-20.56,69.00,2.430,-11.050,7.200
25561,213.56,-20.62,68.62,2.880,-11.700,6.580
25575,213.87,-20.75,68.31,3.910,-9.790,6.730
25587,214.63,-20.75,67.94,5.990,-5.830,6.850
25599,214.88,-20.81,67.69,6.600,-4.900,6.870
25611,214.75,-21.00,67.25,4.930,-6.960,6.550
25625,214.81,-21.19,66.81,3.120,-6.580,5.280
25637,214.69,-21.81,66.37,1.840,-5.090,3.940
25650,214.38,-22.19,66.06,-2.020,-5.100,4.270
25662,214.00,-22.62,65.50,-4.290,-6.490,3.640
25676,213.62,-23.00,64.87,-6.630,-7.830,2.280
25688,213.12,-23.62,63.94,-13.510,-10.100,1.090
25700,213.06,-23.94,63.56,-14.110,-11.290,0.430
25712,213.06,-24.19,63.25,-13.770,-12.380,0.020
25726,213.75,-24.25,63.00,-10.690,-12.380,-0.390
25738,215.81,-23.87,62.56,-10.170,-10.350,1.580
25750,216.75,-23.75,62.38,-8.160,-7.890,1.920
25762,217.50,-23.87,62.50,-5.660,-6.380,2.370
25776,218.19,-24.12,62.69,-4.040,-6.340,4.330
25788,219.00,-25.00,62.31,0.300,-10.520,8.170
25800,219.31,-25.37,62.00,1.360,-10.990,8.120
25812,219.75,-25.56,61.81,1.590,-10.530,7.880
25826,220.12,-25.69,61.81,2.750,-8.250,8.270
25838,220.69,-26.06,61.63,2.420,-6.820,8.370
25850,220.81,-26.25,61.37,2.150,-7.170,7.880
25862,220.75,-26.44,61.19,0.090,-5.410,5.630
25876,220.63,-26.69,61.06,-0.340,-5.430,4.390
25888,219.87,-27.25,60.56,-2.450,-4.350,4.020
25901,219.31,-27.56,60.06,-5.940,-6.110,2.620
25913,218.75,-27.81,59.50,-8.900,-6.570,2.880
25927,218.25,-27.94,59.00,-11.360,-8.110,0.930
25939,218.06,-27.94,58.50,-15.680,-12.570,-0.400
25951,218.44,-27.69,58.63,-14.650,-11.590,0.120
25963,219.31,-27.31,58.81,-12.140,-10.980,-0.950
25977,220.37,-26.62,58.94,-14.030,-10.570,-1.570
25989,222.50,-25.88,59.63,-9.730,-6.670,-1.040
26001,223.56,-25.62,60.31,-8.180,-5.690,1.130
26013,224.56,-25.50,60.69,-5.790,-5.200,4.840
26027,225.25,-25.62,60.75,-1.180,-4.790,6.830
26039,225.69,-25.75,60.00,1.580,-8.690,8.890
26051,225.69,-25.75,59.56,2.160,-9.210,9.490
26063,225.62,-25.81,59.31,4.330,-8.520,9.740
26077,225.69,-25.75,59.19,4.880,-8.600,9.350
26089,226.25,-25.56,59.31,2.250,-8.330,9.570
26102,226.62,-25.50,59.44,2.770,-8.470,8.340
26114,227.00,-25.44,59.69,0.070,-7.150,6.580
26128,227.44,-25.37,60.06,-1.100,-7.510,5.550
26140,228.00,-25.19,60.56,-5.040,-5.890,5.130
26152,228.19,-25.06,60.38,-10.290,-8.690,1.980
26164,228.56,-24.87,60.06,-12.080,-9.220,1.210
26178,228.75,-24.75,59.88,-13.420,-10.500,-0.300
26190,229.75,-24.25,60.12,-11.400,-10.400,-0.070
26202,230.75,-23.87,60.25,-10.640,-10.030,-0.730
26214,231.81,-23.38,60.50,-11.330,-9.820,-0.900
26228,232.94,-22.94,60.88,-8.250,-6.560,-0.660
26240,234.87,-22.44,62.13,-3.870,-5.210,1.240
26252,235.56,-22.44,62.44,-1.070,-8.520,5.090
26264,236.00,-22.44,62.50,0.160,-9.610,4.740
26278,236.44,-22.31,62.56,0.600,-10.090,5.350
26290,237.06,-22.06,62.94,4.440,-7.460,6.840
26302,237.31,-21.94,63.06,5.630,-7.500,6.820
26314,237.50,-21.81,63.13,4.750,-8.310,5.400
26328,237.63,-21.75,63.06,4.360,-9.790,6.320
26340,237.56,-21.62,62.88,1.780,-8.080,5.800
26353,237.31,-21.56,62.75,1.100,-7.680,5.670
26365,237.12,-21.50,62.44,-2.160,-7.140,5.930
26379,236.81,-21.37,61.94,-3.300,-7.650,5.110
26391,236.31,-21.00,60.63,-7.550,-7.680,4.750
26403,236.00,-20.75,60.12,-10.500,-8.430,2.800
26415,235.63,-20.56,59.69,-11.760,-9.100,1.490
26429,235.56,-20.37,59.38,-12.470,-10.290,0.520
26441,236.19,-19.87,58.94,-11.680,-11.030,0.560
26479,237.94,-19.44,59.81,-3.970,-5.680,4.600
26491,238.37,-19.81,60.06,-0.330,-8.640,6.850
26503,238.37,-19.94,59.94,2.520,-8.910,7.440
26515,238.31,-20.06,59.88,4.320,-7.820,8.750
26529,238.06,-20.25,59.81,5.640,-5.760,11.370
26541,237.31,-20.69,59.56,6.990,-7.860,8.280
26553,237.06,-21.00,59.44,4.580,-8.920,8.390
26565,237.00,-21.25,59.38,5.290,-8.770,9.020
26579,237.00,-21.50,59.44,3.840,-6.860,9.440
26591,236.87,-21.87,59.75,2.470,-6.710,8.250
26604,236.56,-22.06,59.81,-0.270,-7.110,7.040
26616,236.44,-22.31,59.63,-1.820,-10.260,4.890
26630,236.06,-22.37,59.44,-2.340,-8.340,6.060
26642,234.94,-22.19,58.81,-4.100,-7.620,4.400
26654,234.31,-21.87,58.50,-7.740,-7.360,2.940
26666,233.44,-21.56,58.13,-8.850,-7.460,2.640
26680,232.87,-21.31,57.75,-9.980,-8.180,1.830
26692,232.19,-21.06,57.31,-11.450,-8.830,2.590
26704,232.31,-20.88,57.38,-10.730,-7.520,3.660
26716,232.69,-20.62,57.44,-11.660,-7.560,3.890
26730,233.19,-20.44,57.62,-9.950,-6.330,3.850
26742,234.50,-20.25,58.75,-6.430,-5.340,4.510
26754,235.19,-20.31,59.56,-3.200,-5.570,7.660
26766,235.94,-20.50,60.12,-0.210,-5.210,9.390
26780,236.25,-20.69,60.44,1.040,-6.430,9.230
26792,236.25,-21.00,60.50,6.870,-7.030,10.490
26804,236.06,-21.12,60.69,9.120,-6.420,9.350
26816,236.12,-21.12,60.81,6.920,-8.090,10.290
26830,236.00,-21.19,61.00,6.940,-8.410,5.520
26842,236.19,-21.19,61.50,6.420,-7.060,7.040
26854,236.25,-21.19,61.88,2.730,-7.080,5.090
26866,236.25,-21.31,62.31,2.030,-4.320,8.910
26880,236.12,-21.31,62.44,-0.300,-7.140,6.440
26892,235.44,-21.25,61.75,-5.400,-8.030,5.290
26905,235.00,-21.00,61.13,-8.050,-7.590,4.580
26917,234.50,-20.69,60.50,-9.910,-8.070,3.050
26931,234.00,-20.44,59.94,-11.290,-8.590,2.230
26943,233.38,-20.00,59.13,-14.050,-11.830,0.950
26955,233.44,-19.81,58.87,-12.490,-11.470,1.890
26967,233.94,-19.50,58.69,-11.690,-11.090,1.990
26981,234.69,-19.06,58.63,-12.190,-8.440,3.570
26993,236.37,-18.62,59.31,-5.920,-6.820,3.250
27005,237.12,-18.69,59.81,-1.490,-8.100,8.180
27017,237.75,-18.94,60.25,1.670,-8.270,9.630
27031,238.19,-19.06,60.44,2.410,-8.590,10.430
27043,238.56,-19.19,60.75,8.500,-8.850,7.750
27055,238.75,-19.19,61.13,9.130,-6.690,8.790
27067,239.19,-19.19,61.69,9.870,-5.800,7.270
27081,239.25,-19.31,62.06,9.800,-6.540,6.450
27093,239.19,-19.69,62.56,5.970,-5.640,5.460
27106,239.06,-19.87,62.94,5.540,-4.770,5.330
27118,239.00,-20.06,63.25,0.010,-3.690,5.910
27132,238.50,-20.25,63.25,-1.880,-4.070,6.300
27144,236.69,-20.56,61.88,-10.700,-8.710,1.530
27156,235.63,-20.69,60.94,-12.460,-9.140,1.460
27168,234.62,-20.75,60.12,-15.010,-10.800,-0.110
27182,233.87,-20.88,59.44,-15.830,-12.100,-1.390
27194,233.44,-20.81,58.69,-11.770,-10.810,0.670
27206,233.81,-20.56,58.44,-12.720,-9.720,0.460
27218,234.31,-20.31,58.31,-9.300,-8.700,-0.630
27232,234.94,-20.06,58.38,-7.770,-6.090,-0.310
27244,236.31,-20.12,58.31,-5.150,-5.950,0.820
27256,237.00,-20.31,57.81,-2.770,-4.590,-0.660
27268,237.69,-20.44,57.00,-2.050,-3.210,0.600
27282,238.25,-20.69,55.81,-1.040,-2.460,1.060
27294,239.19,-21.25,53.06,-3.090,-7.170,-2.460
27306,240.06,-22.00,52.00,-0.790,-10.090,-7.790
27318,241.69,-22.81,51.63,-2.680,-9.740,-6.490
27332,244.13,-23.81,51.94,-1.510,-6.640,-2.280
27344,250.50,-26.00,53.31,-0.740,-2.400,2.390
27357,253.69,-26.94,53.50,-0.470,-0.140,4.430
27369,256.31,-27.75,52.88,-1.870,0.440,5.970
27383,258.44,-28.56,51.31,-2.090,-0.050,7.070
27395,261.12,-29.75,45.69,-3.740,0.200,7.870
27407,262.06,-30.00,42.06,-4.030,0.310,8.180
27419,262.94,-30.00,38.06,-4.140,-0.300,8.020
27433,263.81,-29.69,33.94,-4.260,-0.370,8.610
27445,265.87,-28.25,25.44,-4.360,1.270,9.040
27483,269.87,-24.75,13.25,-5.910,3.560,9.930
27495,272.31,-23.00,5.56,-5.070,4.990,9.970
27507,273.31,-22.44,1.94,-4.180,4.740,9.290
27519,274.19,-22.06,-1.19,-4.000,4.650,9.110
27533,274.94,-21.94,-3.81,-4.230,4.630,9.030
27545,276.37,-22.50,-7.56,-4.180,5.750,10.630
27557,276.94,-23.19,-8.75,-3.820,6.070,11.580
27569,277.50,-24.00,-9.69,-3.630,6.210,12.460
27583,277.94,-24.87,-10.50,-3.240,6.430,13.810
27595,278.56,-26.50,-12.13,-3.380,6.270,13.810
27608,278.69,-27.06,-13.06,-3.870,5.980,13.600
27620,278.81,-27.44,-14.06,-4.800,5.750,12.800
27634,278.81,-27.75,-15.13,-5.080,5.530,12.430
27646,278.62,-28.19,-17.31,-5.450,4.270,11.260
27658,278.37,-28.38,-18.31,-5.740,3.910,10.870
27670,278.19,-28.56,-19.19,-5.770,3.620,10.570
27684,277.94,-28.81,-19.87,-5.860,3.460,10.390
27696,277.38,-29.44,-20.81,-6.030,3.370,10.290
27708,277.00,-29.75,-21.19,-5.890,3.110,10.250
27720,276.62,-30.12,-21.50,-5.910,2.840,10.250
27734,276.25,-30.50,-21.81,-5.840,2.900,10.240
27746,275.62,-31.06,-22.31,-5.540,2.930,10.170
27758,275.31,-31.31,-22.56,-5.380,3.140,9.780
27770,275.13,-31.50,-22.81,-5.430,3.130,9.500
27784,274.88,-31.62,-23.06,-5.450,3.060,9.170
27796,274.50,-31.75,-23.56,-5.580,3.050,8.610
27809,274.31,-31.81,-23.75,-5.290,3.090,8.450
27821,274.06,-31.87,-23.94,-5.230,3.050,8.230
27835,273.94,-31.94,-24.06,-5.510,2.970,7.860
27847,273.56,-32.06,-24.12,-5.240,3.010,7.650
27859,273.44,-32.13,-24.12,-5.290,3.040,7.690
27871,273.31,-32.25,-24.06,-4.990,3.150,7.400
27885,273.25,-32.38,-23.94,-5.270,3.300,7.390
27897,273.00,-32.63,-23.62,-5.540,3.190,7.080
27909,272.88,-32.75,-23.56,-5.820,3.150,7.210
27921,272.75,-32.81,-23.44,-5.320,3.190,7.290
27935,272.56,-32.94,-23.44,-5.110,3.150,7.310
27947,272.25,-33.19,-23.25,-5.520,2.980,7.010
27959,272.12,-33.31,-23.12,-5.630,3.000,7.050
