391878,16.12,-57.25,35.94,-9.560,-2.140,4.490
391890,15.94,-56.75,36.81,-9.870,-2.210,4.790
391928,15.38,-55.94,38.25,-10.440,-2.210,3.700
391940,14.81,-55.19,39.31,-10.800,-1.930,2.700
391952,14.38,-54.75,39.94,-11.180,-1.900,2.550
391964,13.81,-54.25,40.63,-10.980,-2.680,2.860
391978,13.06,-53.75,41.31,-10.650,-2.860,3.230
391990,11.06,-52.00,41.69,-9.420,-3.640,2.670
392002,9.88,-50.69,41.56,-12.130,-5.230,6.520
392014,8.81,-49.81,42.38,-12.120,-5.960,8.120
392028,7.94,-49.31,43.38,-11.810,-6.410,6.790
392040,5.56,-47.94,43.50,-12.080,-6.310,5.270
392053,4.12,-47.31,43.38,-12.720,-6.470,5.920
392065,2.56,-46.81,43.38,-12.490,-6.450,6.840
392079,1.00,-46.31,43.13,-12.220,-6.960,6.340
392091,357.81,-45.12,41.81,-12.480,-7.860,5.440
392103,356.06,-44.56,40.88,-10.950,-7.450,5.080
392115,354.31,-43.94,39.88,-9.740,-6.980,5.120
392129,352.62,-43.19,38.75,-8.710,-6.350,5.230
392141,349.69,-41.13,36.13,-7.040,-4.860,4.990
392153,348.31,-40.00,34.75,-6.520,-4.750,4.360
392165,347.00,-38.81,33.56,-6.390,-4.930,4.000
392179,345.75,-37.63,32.50,-5.920,-4.530,4.130
392191,343.44,-35.44,31.12,-3.060,-4.410,4.560
392203,342.37,-34.31,30.62,-2.060,-4.170,5.140
392215,341.56,-33.25,30.12,-1.190,-5.060,6.250
392229,340.87,-32.06,29.44,-1.140,-5.170,6.030
392241,339.75,-29.44,27.94,-1.940,-4.640,6.710
392253,339.19,-28.38,27.31,-1.320,-4.370,6.420
392265,338.56,-27.44,27.00,-1.350,-3.960,7.120
392279,337.94,-26.75,26.81,-1.130,-3.580,7.260
392291,336.75,-25.25,25.88,-1.750,-2.940,6.040
392303,336.19,-24.44,25.19,-1.900,-3.110,5.760
392315,335.69,-23.56,24.56,-2.310,-3.340,5.630
392329,335.31,-22.62,23.94,-2.240,-3.500,6.860
392341,334.50,-20.88,22.94,-2.170,-3.290,7.660
392353,334.06,-20.06,22.37,-2.180,-3.190,7.450
392365,333.69,-19.12,21.75,-2.280,-3.170,6.980
392379,333.25,-18.19,21.19,-2.300,-3.200,6.770
392391,332.81,-16.12,20.12,-0.720,-3.210,7.520
392404,332.87,-15.00,19.75,-1.000,-3.180,7.880
392416,333.06,-13.88,19.44,-0.500,-3.180,8.300
392430,333.25,-12.81,19.25,-0.990,-3.540,8.790
392442,333.38,-10.94,18.94,-1.630,-4.970,10.870
392454,333.13,-10.31,18.81,-1.810,-4.840,10.540
392466,332.75,-9.69,18.62,-0.580,-4.210,9.700
392480,332.44,-9.13,18.56,-0.150,-4.140,9.920
392492,331.94,-8.13,18.56,-0.100,-4.230,9.880
392504,331.87,-7.56,18.56,0.660,-3.510,10.740
392516,331.94,-6.94,18.50,0.550,-3.300,10.770
392530,332.12,-6.12,18.31,0.280,-2.610,10.220
392542,332.94,-4.19,17.75,-3.220,-2.580,7.820
392554,333.25,-3.19,17.62,-2.670,-3.380,8.210
392566,333.44,-2.25,17.56,-2.010,-3.670,8.660
392580,333.44,-1.44,17.62,-0.710,-4.400,9.380
392592,333.19,-0.13,18.00,0.910,-3.370,9.660
392604,333.13,0.44,18.19,1.770,-3.810,9.980
392616,333.06,1.00,18.50,4.900,-2.910,10.120
392630,333.13,1.44,18.75,5.730,-3.270,9.910
392642,333.63,1.81,19.25,4.650,-6.550,7.050
392655,334.00,1.87,19.31,3.950,-6.730,6.870
392667,334.44,1.94,19.37,2.990,-6.830,7.330
392681,334.94,1.87,19.44,2.760,-7.220,8.980
392693,335.69,1.75,19.56,0.840,-2.950,9.620
392705,335.88,1.69,19.50,-0.360,-1.130,8.180
392717,336.00,1.69,19.50,-2.750,0.320,8.670
392731,336.25,1.81,19.50,-4.900,-0.530,8.900
392743,336.44,1.87,19.94,-7.400,-1.210,10.550
392755,336.19,1.87,20.25,-8.140,-0.700,9.050
392767,335.63,1.94,20.62,-7.630,-0.020,8.770
392781,335.00,2.00,21.12,-6.640,-0.210,7.520
392793,333.56,2.19,22.44,-1.680,-2.240,11.940
392805,332.75,2.37,23.00,1.450,-5.300,12.340
392817,331.81,2.62,23.56,2.140,-3.800,13.040
392831,331.13,2.62,23.87,4.590,-5.650,10.230
392843,329.56,2.87,24.50,6.500,-4.450,8.800
392855,329.13,2.75,24.81,5.860,-5.450,8.370
392867,328.69,2.56,25.12,8.200,-6.410,7.280
392881,328.37,2.44,25.44,5.360,-8.470,6.330
392893,328.69,1.62,26.00,5.310,-7.780,7.640
392932,329.38,0.62,27.19,2.710,-5.310,7.620
392944,329.63,0.00,28.19,0.250,-6.550,7.540
392956,329.56,-0.44,28.69,-0.510,-3.570,8.290
392968,329.50,-1.00,29.25,-3.490,-4.810,8.710
392982,329.31,-1.62,29.81,-4.230,-4.100,10.100
392994,328.50,-2.81,31.00,-4.860,-2.830,12.430
393006,328.12,-3.25,31.37,-5.230,-0.980,10.280
393018,327.75,-3.50,31.62,-5.560,0.570,10.730
393032,327.50,-3.44,31.81,-5.660,0.230,9.660
393044,326.94,-2.87,32.25,-3.570,-1.860,10.210
393056,326.44,-2.50,32.44,-1.960,-3.370,11.600
393068,325.81,-2.19,32.63,-0.690,-3.080,10.810
393082,325.25,-1.81,32.56,2.570,-2.550,8.790
393094,324.81,-1.06,32.25,3.020,-8.470,9.900
393106,324.19,-0.88,32.38,3.800,-5.250,9.390
393118,323.94,-0.88,32.25,7.310,-6.170,7.850
393132,323.56,-0.94,32.38,7.170,-6.130,8.560
393144,323.81,-1.31,32.69,4.390,-9.440,4.900
393156,324.00,-1.50,32.69,3.260,-10.690,5.390
393168,324.12,-1.69,32.63,2.390,-11.690,4.750
393182,324.37,-1.75,32.56,1.420,-9.990,5.860
393194,324.88,-2.12,32.50,-0.500,-7.580,9.400
393207,325.13,-2.44,32.50,-0.530,-6.930,11.140
393219,325.25,-2.69,32.44,-1.360,-5.120,11.210
393233,325.50,-2.87,32.38,-3.810,-3.350,11.380
393245,325.75,-3.06,32.25,-6.680,-1.660,10.110
393257,325.94,-3.00,32.13,-7.040,-3.350,11.030
393269,325.94,-2.75,32.13,-7.110,-2.980,11.200
393283,325.81,-2.50,32.13,-7.420,-2.810,10.460
393295,325.50,-1.62,31.87,-1.750,-1.460,13.330
393307,325.13,-1.00,31.75,0.820,-0.030,13.380
393319,325.13,-0.44,31.31,-1.510,-2.600,10.330
393333,325.31,0.00,30.94,0.060,-5.100,11.860
393345,325.44,0.25,29.81,-0.080,-2.210,7.920
393357,325.38,0.31,29.19,1.490,-2.800,8.360
393369,324.94,0.50,28.62,-2.130,-3.710,4.600
393383,324.25,0.62,28.00,0.500,-4.040,5.750
393395,322.50,0.62,27.19,3.160,-7.330,5.940
393407,321.94,0.37,27.00,5.290,-9.040,5.160
393419,321.44,0.13,26.94,5.680,-9.470,6.140
393433,321.19,-0.19,27.00,5.550,-9.890,6.760
393445,321.56,-1.31,27.06,5.930,-4.080,10.250
393457,322.00,-2.06,26.94,6.250,-3.430,8.150
393469,322.25,-2.75,26.75,4.570,-3.600,7.150
393483,322.50,-3.44,26.62,0.200,-5.070,5.750
393495,322.81,-4.75,26.69,-2.810,-1.760,9.070
393507,322.94,-5.37,26.87,-5.310,-0.190,12.760
393519,322.75,-5.94,27.19,-7.300,0.710,13.070
393533,322.25,-6.50,27.37,-8.570,1.220,13.300
393545,320.69,-7.69,27.62,-9.670,-0.110,10.280
393558,319.50,-8.19,27.69,-10.510,-1.880,8.950
393570,318.31,-8.69,27.75,-10.600,-3.080,7.850
393584,316.81,-9.25,27.75,-6.530,-4.350,9.030
393596,313.50,-10.13,27.56,-3.490,-7.110,10.590
393608,311.87,-10.56,27.19,-1.660,-7.460,11.380
393620,310.50,-11.00,26.56,-1.300,-9.070,11.360
393634,308.87,-11.31,25.81,-0.220,-7.590,8.720
393646,305.75,-12.19,24.37,2.650,-5.360,8.080
393658,304.31,-12.69,23.87,3.980,-4.910,7.930
393670,303.06,-13.13,23.62,4.120,-5.350,8.660
393684,302.06,-13.44,23.44,4.070,-5.860,9.350
393696,300.87,-13.81,22.87,3.050,-5.820,8.390
393708,300.81,-14.06,22.62,2.330,-6.180,7.110
393720,301.00,-14.44,22.31,1.920,-6.620,5.280
393734,301.37,-14.75,22.06,1.400,-7.010,4.830
393746,302.31,-15.19,21.87,2.000,-5.850,6.630
393759,302.75,-15.31,21.94,-0.620,-4.170,9.360
393771,303.31,-15.56,22.31,0.130,-3.140,12.850
393785,303.94,-15.94,22.87,-0.980,-1.880,11.050
393797,304.69,-16.25,24.00,-7.370,-1.230,15.360
393809,305.06,-16.44,24.63,-8.170,0.280,11.480
393821,305.19,-16.50,24.87,-10.620,0.130,11.550
393835,305.25,-16.56,25.19,-12.210,-0.590,11.840
393847,304.44,-16.12,25.37,-13.020,-3.470,9.450
393859,303.75,-15.81,25.25,-12.850,-4.550,8.990
393871,303.00,-15.38,25.12,-9.920,-4.400,8.260
393885,302.19,-14.81,24.94,-6.660,-3.210,10.120
393897,300.56,-13.56,24.50,-3.430,-5.560,10.510
393935,297.00,-12.37,23.44,3.820,-4.370,7.790
393947,294.94,-11.81,22.44,5.120,-4.040,6.590
393959,294.25,-11.75,22.13,5.370,-4.440,7.320
393971,293.81,-11.63,21.87,5.380,-4.810,7.260
393985,293.69,-11.56,21.62,4.020,-6.190,6.300
393997,294.37,-11.75,20.88,3.430,-6.940,4.360
394009,294.94,-11.94,20.37,3.270,-6.580,5.570
394021,295.50,-12.06,19.94,3.110,-5.660,6.480
394035,296.12,-12.25,19.56,3.100,-4.680,6.670
394047,297.50,-12.25,19.19,-0.240,-3.140,11.240
394060,298.13,-12.31,19.06,-1.740,-0.800,11.530
394072,298.62,-12.37,19.00,-4.300,-1.360,12.210
394086,299.12,-12.63,18.87,-5.860,-0.710,12.500
394098,299.81,-12.94,18.50,-10.220,-0.060,12.290
394110,300.13,-12.94,18.12,-11.100,-0.780,12.580
394122,300.31,-12.75,17.75,-9.790,-1.130,13.650
394136,300.31,-12.37,17.25,-9.400,-1.280,12.950
394148,299.81,-11.50,16.19,-6.870,-0.890,11.610
394160,299.37,-10.94,15.50,-4.110,-0.700,10.780
394172,298.81,-10.25,14.87,-2.470,-1.300,11.420
394186,298.25,-9.63,14.19,-1.360,-0.870,10.650
394198,297.37,-8.63,12.44,1.580,-0.660,8.670
394210,297.00,-8.25,11.50,0.740,-1.130,8.130
394222,296.56,-7.87,10.44,0.520,-0.730,6.360
394236,296.06,-7.56,9.56,4.370,-0.480,6.700
394248,295.00,-6.94,8.31,5.910,-1.340,7.520
394260,294.44,-6.44,8.00,3.780,-1.930,7.090
394272,294.25,-6.25,7.69,3.040,-2.580,6.060
394286,294.37,-6.56,7.31,3.110,-3.390,5.230
394298,295.25,-7.37,6.69,1.280,-4.530,5.630
394310,295.69,-7.75,6.37,1.830,-4.040,6.960
394322,296.19,-8.19,6.19,1.720,-3.940,7.780
394336,296.63,-8.56,6.06,1.060,-4.420,8.630
394348,297.31,-9.44,6.00,0.500,-0.920,10.040
394361,297.81,-9.88,6.12,-0.490,-1.340,11.440
394373,298.25,-10.31,6.25,-1.790,-0.010,12.860
394387,298.62,-10.63,6.37,-3.320,0.450,14.770
394399,299.37,-11.31,6.44,-6.240,0.950,13.600
394411,299.62,-11.44,6.31,-8.330,0.800,13.190
394423,299.81,-11.50,6.19,-8.630,0.960,13.630
394437,299.94,-11.44,5.94,-8.440,0.430,13.440
394449,299.81,-11.00,5.56,-7.090,-1.030,13.320
394461,299.56,-10.69,5.25,-6.320,-0.680,12.410
394473,299.37,-10.38,4.87,-5.570,-0.410,11.320
394487,299.19,-9.88,4.44,-3.210,-0.410,10.160
394499,298.69,-8.44,3.50,0.140,-0.610,10.950
394511,298.31,-7.81,3.00,1.010,-0.840,10.120
394523,297.81,-7.37,2.50,2.910,-1.330,9.580
394537,297.19,-7.00,2.00,3.420,-1.260,8.760
394549,296.19,-6.69,0.94,5.310,-0.650,9.140
394561,295.88,-6.56,0.50,5.660,-0.210,8.990
394573,295.75,-6.56,0.06,5.090,0.350,9.050
394587,295.88,-6.81,-0.25,4.410,0.270,9.110
394599,296.50,-7.56,-1.12,3.440,-1.170,6.360
394611,297.00,-8.00,-1.56,2.750,-1.670,5.960
394623,297.63,-8.50,-1.94,1.350,-1.330,5.710
394637,298.38,-8.94,-2.31,1.360,-0.860,7.260
394649,299.94,-9.56,-2.62,-1.060,-0.040,9.130
394661,300.62,-9.75,-2.69,-3.610,0.720,10.830
394673,301.37,-10.13,-2.69,-5.710,1.320,11.330
394687,302.00,-10.50,-2.75,-6.790,1.030,9.940
394699,302.75,-11.12,-2.87,-8.970,1.570,11.510
394712,303.00,-11.44,-2.94,-9.080,1.770,11.500
394724,303.12,-11.56,-3.06,-8.820,2.100,11.810
394738,303.12,-11.56,-3.25,-7.740,2.710,11.590
394750,302.94,-11.31,-3.62,-7.380,1.520,10.410
394762,302.75,-11.06,-3.94,-6.980,1.820,10.290
394774,302.50,-10.75,-4.25,-4.390,1.620,10.290
394788,302.13,-10.31,-4.62,-0.490,3.230,10.540
394800,301.25,-8.88,-5.69,3.700,3.910,9.700
394812,300.75,-8.19,-6.37,3.590,2.650,8.410
394824,300.38,-7.94,-7.00,2.830,1.030,7.140
394838,300.13,-8.00,-7.50,2.240,-0.330,6.670
394850,299.75,-8.25,-8.06,2.130,-3.090,5.990
394862,299.75,-8.38,-8.06,2.170,-3.250,6.610
394874,299.75,-8.56,-7.94,2.960,-2.620,8.050
394888,299.88,-8.75,-7.75,0.770,0.690,8.920
394900,300.13,-9.06,-7.19,2.600,1.560,8.220
394938,301.50,-9.81,-6.50,0.580,-2.390,7.040
394950,302.56,-10.19,-5.94,-1.120,-0.210,11.750
394962,303.12,-10.44,-5.56,-0.830,1.280,11.510
394974,303.75,-10.88,-5.37,-1.210,3.470,13.700
394988,304.44,-11.31,-5.25,-6.750,1.220,10.810
395000,305.37,-12.31,-4.87,-9.490,0.650,10.450
395013,305.69,-12.63,-4.75,-10.130,0.900,10.530
395025,305.94,-12.75,-4.69,-9.540,1.640,10.760
395039,306.00,-12.69,-4.75,-9.000,1.480,10.650
395051,305.81,-12.19,-5.00,-6.400,0.090,9.770
395063,305.62,-11.88,-5.19,-5.630,-0.270,10.260
395075,305.31,-11.50,-5.44,-2.610,1.640,9.260
395089,305.00,-11.06,-5.75,-0.270,1.590,10.310
395101,304.31,-9.69,-6.37,1.530,-1.220,8.320
395113,303.88,-9.13,-6.75,1.070,-1.650,7.300
395125,303.44,-9.00,-6.87,1.450,-3.160,7.610
395139,303.00,-8.88,-7.06,2.540,-2.550,7.250
395151,302.56,-8.81,-7.00,2.560,-0.550,8.390
395163,302.56,-9.00,-6.81,2.530,1.890,8.980
395175,302.69,-9.19,-6.69,2.360,1.870,8.340
395189,302.81,-9.38,-6.50,2.340,1.050,7.580
395201,303.50,-9.94,-6.12,0.510,-3.440,6.320
395213,303.88,-10.25,-5.94,0.160,-3.690,6.790
395225,304.38,-10.50,-5.75,0.130,-3.290,7.660
395239,304.87,-10.63,-5.50,-0.750,-1.980,8.250
395251,306.00,-10.94,-4.94,-0.040,2.130,12.620
395263,306.75,-11.31,-4.87,-0.170,3.360,13.750
395275,307.31,-11.81,-4.75,-6.410,2.400,11.210
395289,307.69,-12.19,-4.62,-7.790,1.820,10.930
395301,308.00,-12.88,-4.37,-9.560,2.020,10.650
395314,307.87,-13.00,-4.31,-10.070,1.910,11.990
395326,307.62,-12.88,-4.25,-9.130,2.160,12.990
395340,307.25,-12.63,-4.31,-8.770,2.340,13.030
395352,306.50,-12.13,-4.56,-6.200,3.960,11.560
395364,305.94,-11.63,-4.75,-4.390,1.670,11.530
395376,305.44,-11.19,-5.00,-4.990,5.050,10.320
395390,304.94,-10.44,-5.31,2.210,5.520,11.290
395402,303.75,-9.06,-6.06,2.590,2.880,9.880
395414,303.50,-9.50,-6.25,4.200,0.400,6.750
395426,303.12,-9.69,-6.44,2.430,-0.610,5.810
395440,302.81,-9.75,-6.50,3.350,-1.620,5.790
395452,302.62,-9.81,-6.31,2.890,-3.060,8.030
395464,302.69,-10.00,-6.19,2.970,-0.820,8.710
395476,302.81,-10.19,-6.00,2.580,1.330,8.870
395490,303.00,-10.38,-5.81,2.360,2.000,8.200
395502,303.62,-10.88,-5.37,1.360,-1.480,6.610
395514,304.00,-11.19,-5.12,0.680,-2.350,6.550
395526,304.50,-11.56,-4.81,-0.520,-3.200,7.120
395540,305.00,-11.88,-4.44,-1.430,-3.430,8.990
395552,305.94,-12.50,-3.62,-1.890,0.310,11.300
395565,306.50,-13.00,-3.37,-4.160,1.290,11.140
395577,306.94,-13.38,-3.19,-6.710,0.770,10.910
395591,307.25,-13.88,-2.94,-7.900,-0.460,11.980
395603,307.62,-14.31,-2.69,-10.730,-0.060,11.930
395615,307.62,-14.31,-2.62,-10.190,0.290,12.060
395627,307.44,-14.00,-2.50,-9.340,0.910,12.670
395641,307.19,-13.69,-2.44,-7.420,1.480,12.470
395653,306.50,-12.81,-2.37,-5.760,1.310,11.370
395665,306.13,-12.31,-2.44,-2.130,0.920,10.280
395677,305.75,-11.69,-2.44,-1.990,0.950,9.450
395691,305.44,-11.06,-2.37,-0.480,1.090,8.470
395703,304.75,-9.69,-2.06,6.720,1.850,9.860
395715,304.63,-9.13,-1.75,5.850,1.640,9.140
395727,304.75,-8.94,-1.25,6.780,1.770,8.260
395741,305.00,-9.00,-0.62,6.360,0.350,8.430
395753,306.19,-9.38,0.50,5.470,-5.000,7.200
395765,307.06,-9.50,1.12,4.390,-6.100,8.070
395777,308.00,-9.50,1.69,4.020,-3.920,8.670
395791,309.06,-9.50,2.19,4.350,-4.250,7.980
395803,311.75,-9.50,3.25,1.830,-3.240,7.850
395815,313.12,-9.69,3.81,0.530,1.440,9.390
395827,314.63,-9.88,4.50,-2.020,-1.510,11.430
395841,315.94,-10.19,5.19,-3.790,0.650,11.660
395853,318.00,-10.88,6.44,-7.900,-2.310,8.390
395866,318.81,-11.00,7.00,-9.230,-3.830,9.750
395878,319.62,-11.00,7.50,-9.770,-3.610,10.110
395892,320.44,-10.81,7.94,-10.490,-2.790,11.660
395904,321.62,-10.19,8.44,-10.000,-2.250,11.330
395942,322.44,-8.50,8.25,-5.340,0.120,10.280
395954,322.75,-6.94,7.56,0.570,1.290,11.110
395966,322.94,-6.37,7.12,0.380,-0.020,9.740
395978,323.06,-6.00,6.94,1.250,-0.460,8.770
395992,323.13,-5.69,6.81,2.110,-0.690,7.950
396004,323.31,-5.25,7.00,5.820,-1.510,8.870
396016,323.62,-5.19,7.19,5.950,-2.440,9.380
396028,324.00,-5.19,7.44,6.500,-2.930,9.430
396042,324.50,-5.12,7.69,5.790,-2.260,8.580
396054,326.00,-5.12,8.13,3.480,-2.340,8.540
396066,326.62,-5.31,8.56,-0.730,-2.970,12.340
396078,327.00,-5.81,9.00,-1.800,-1.880,11.550
396092,327.25,-6.44,9.38,-2.430,-1.810,11.120
396104,327.56,-7.31,10.00,-7.770,-3.160,10.440
396117,327.69,-7.56,10.19,-8.420,-3.020,10.950
396129,327.87,-7.69,10.25,-8.980,-2.800,10.640
396143,328.00,-7.75,10.38,-9.570,-3.050,10.910
396155,327.94,-7.81,10.50,-8.550,-1.570,10.460
396167,327.62,-7.81,10.44,-7.780,-1.440,9.800
396179,327.13,-7.62,10.44,-2.740,0.120,11.110
396193,326.44,-7.50,10.31,-2.030,-1.500,11.490
396205,324.88,-7.81,10.00,-1.200,-2.380,8.840
396217,323.87,-8.00,9.94,1.260,0.210,9.780
396229,323.00,-8.31,9.75,2.140,-0.970,8.780
396243,322.12,-8.50,9.69,3.340,-0.240,8.750
396255,321.13,-8.94,9.63,4.360,0.580,7.680
396267,320.94,-8.94,9.69,4.360,1.340,6.980
396279,321.06,-8.94,10.00,2.530,-1.070,6.870
396293,321.13,-8.88,10.31,2.090,-1.860,6.910
396305,321.25,-9.06,11.00,1.780,-2.960,7.370
396317,321.44,-9.19,11.38,1.060,-2.990,8.580
396329,321.81,-9.31,11.69,0.850,-2.250,9.350
396343,322.31,-9.31,12.00,-0.260,-1.980,10.630
396355,323.31,-9.50,12.63,-3.890,-1.750,11.330
396367,323.75,-9.69,13.00,-6.170,-2.720,12.930
396379,324.00,-9.94,13.38,-7.530,-3.440,11.640
396393,324.12,-10.19,13.69,-9.390,-4.390,13.120
396405,323.94,-10.38,14.19,-9.490,-3.990,12.840
396418,323.69,-10.19,14.31,-8.810,-4.020,12.900
396430,323.19,-9.88,14.31,-5.880,-3.470,12.630
396444,322.56,-9.50,14.31,-6.300,-3.610,13.460
396456,321.37,-9.56,14.19,-1.750,-0.970,11.040
396468,320.50,-9.25,14.06,0.140,0.260,12.500
396480,319.94,-9.06,13.94,0.810,0.220,12.090
396494,319.37,-8.81,13.81,2.100,1.270,9.670
396506,318.75,-8.63,13.69,0.740,-2.430,9.760
396518,318.37,-8.75,13.62,2.260,1.530,9.350
396530,318.06,-8.63,13.62,2.840,-0.360,7.980
396544,317.75,-8.50,13.88,5.330,1.720,9.580
396556,317.37,-8.13,14.50,6.400,1.790,8.110
396568,317.44,-8.00,15.00,4.310,0.580,7.990
396580,317.81,-8.19,15.63,3.930,-2.320,6.550
396594,318.25,-8.56,16.31,3.760,-4.980,5.100
396606,318.75,-9.00,17.56,1.180,-4.010,8.800
396618,318.94,-9.25,18.19,1.300,-3.160,9.690
396630,319.19,-9.56,18.81,1.040,-1.950,9.620
396644,319.37,-9.69,19.50,-1.100,-1.210,10.640
396656,320.00,-9.69,20.75,-2.500,-0.940,11.810
396668,320.44,-9.56,21.25,-5.260,-1.350,10.160
396680,320.75,-9.38,21.75,-8.710,-3.890,11.560
396694,321.00,-9.13,22.13,-8.910,-4.780,11.970
396706,320.94,-8.63,22.69,-9.190,-5.270,11.510
396719,320.69,-8.38,22.75,-8.990,-5.550,9.800
396731,320.37,-8.13,22.75,-8.730,-5.270,9.160
396745,320.12,-7.75,22.69,-7.660,-4.810,8.900
396757,319.62,-6.31,22.44,-2.110,-5.950,12.440
396769,319.44,-5.75,22.44,-0.880,-5.700,10.430
396781,319.25,-5.25,22.25,-0.560,-5.190,9.290
396795,319.06,-4.69,22.13,3.910,-3.770,10.180
396807,318.94,-3.94,21.87,3.930,-3.490,8.100
396819,319.00,-3.50,21.75,5.170,-1.360,7.830
396831,319.19,-3.00,21.75,5.800,-0.070,8.430
396845,319.44,-2.50,21.87,5.090,0.000,8.020
396857,320.44,-1.81,22.31,2.260,-2.130,7.330
396869,320.94,-1.75,22.50,1.260,-3.460,6.640
396881,321.44,-1.69,22.69,0.220,-4.280,6.210
396895,321.81,-1.75,22.87,-0.780,-4.160,6.730
396907,322.44,-1.81,23.38,-2.470,-4.150,8.750
396945,322.75,-2.12,24.25,-5.240,-3.400,11.520
396957,322.12,-2.25,24.63,-3.550,-2.040,10.320
396970,321.62,-2.12,24.81,0.090,1.130,10.420
396982,321.44,-2.12,24.75,2.230,-1.390,9.400
396996,321.81,-2.37,24.75,1.010,-1.920,7.720
397008,322.50,-2.19,24.63,1.570,-5.720,8.090
397020,322.50,-2.00,24.75,2.890,-5.210,8.430
397032,322.56,-1.87,24.87,3.460,-5.500,7.430
397046,322.63,-1.75,25.06,3.490,-7.080,7.240
397058,323.00,-1.62,25.37,3.080,-6.260,9.000
397070,323.31,-1.62,25.56,2.550,-3.410,9.700
397082,323.69,-1.69,25.69,2.790,-3.130,9.520
397096,324.00,-1.87,25.81,2.660,-4.190,8.730
397108,324.50,-2.19,25.94,0.370,-6.820,8.500
397120,324.88,-2.50,26.00,1.300,-7.120,10.090
397132,325.06,-2.87,26.06,1.290,-5.660,9.980
397146,325.19,-3.06,26.12,-0.040,-3.670,8.970
397158,325.44,-3.31,26.50,-1.550,-3.840,9.210
397170,325.50,-3.44,26.87,-2.280,-4.040,9.560
397182,325.50,-3.44,27.13,-1.970,-3.810,9.740
397196,325.50,-3.44,27.56,-0.840,-3.360,10.420
397208,325.94,-3.12,28.31,0.510,-2.590,10.450
397220,326.44,-2.81,28.56,0.480,-2.840,10.140
397232,326.94,-2.31,28.81,0.450,-3.170,10.580
397246,327.56,-1.87,29.12,0.830,-3.420,10.950
397258,328.94,-0.81,29.63,0.540,-4.060,10.440
397270,329.81,-0.25,29.81,0.020,-5.000,8.990
397282,330.56,0.37,30.06,-1.570,-5.870,10.010
397296,331.25,1.00,30.37,-1.640,-5.290,9.810
397308,332.44,2.31,30.69,-2.620,-4.780,9.330
397321,332.94,2.94,30.81,-4.520,-6.690,9.450
397333,333.31,3.44,30.94,-4.700,-7.370,9.570
397347,333.44,3.81,30.94,-4.440,-6.800,9.400
397359,333.44,4.37,30.69,-4.230,-5.830,7.040
397371,333.19,4.69,30.56,-2.440,-5.070,6.240
397383,332.81,5.06,30.37,0.060,-4.380,6.370
397397,332.62,5.50,30.31,1.030,-5.170,7.000
397409,332.50,6.25,30.31,6.130,-4.080,6.620
397421,332.56,6.75,30.37,8.030,-3.570,6.390
397433,332.87,7.37,30.44,6.850,-5.980,6.410
397447,333.44,7.87,30.62,5.850,-6.080,7.850
397459,335.00,8.19,30.88,7.760,-3.300,9.680
397471,335.81,8.31,31.00,7.080,-2.380,8.200
397483,336.69,8.50,31.00,6.290,-1.860,7.290
397497,337.69,8.94,30.94,4.510,-2.240,5.520
397509,340.06,10.13,30.81,-0.320,-4.520,8.700
397521,341.12,10.69,30.62,-2.290,-6.370,8.240
397533,342.06,11.25,30.44,-4.630,-8.090,7.800
397547,342.69,11.56,30.50,-5.490,-9.580,10.620
397559,343.00,11.81,30.69,-4.420,-7.150,10.740
397572,342.94,11.94,30.62,-4.120,-6.740,10.820
397584,342.81,12.13,30.62,-4.800,-6.490,9.610
397598,342.56,12.31,30.56,-3.760,-6.250,9.330
397610,341.75,12.94,30.56,2.060,-5.100,10.540
397622,341.19,13.19,30.75,2.670,-4.470,10.100
397634,340.69,13.25,30.94,4.450,-3.710,8.560
397648,340.06,13.31,31.19,4.890,-3.770,8.580
397660,338.87,13.13,31.62,4.890,-4.060,9.060
397672,338.12,12.81,31.75,5.180,-1.930,9.020
397684,337.25,12.37,31.75,4.910,-2.550,8.210
397698,336.37,11.69,31.75,6.320,-2.080,7.860
397710,334.87,10.31,32.00,2.750,-4.410,6.330
397722,334.19,9.56,32.25,1.540,-6.220,5.890
397734,333.50,8.88,32.50,1.080,-6.460,6.840
397748,332.75,8.13,32.81,0.520,-6.470,8.100
397760,331.31,6.62,33.44,0.030,-5.830,11.030
397772,330.50,5.94,33.69,-0.380,-5.090,10.360
397784,329.75,5.31,33.88,-0.030,-4.640,9.650
397798,329.00,4.94,34.00,1.270,-4.390,10.250
397810,327.62,4.69,34.19,1.860,-4.860,8.780
397823,327.31,4.62,34.31,1.110,-4.430,7.520
397835,327.25,4.75,34.31,1.180,-7.000,6.860
397849,327.19,4.94,34.38,1.190,-8.120,7.030
397861,327.44,5.37,34.38,2.100,-7.190,8.450
397873,327.62,5.50,34.31,3.460,-5.900,9.370
397885,327.75,5.69,34.38,4.000,-4.360,9.510
397899,327.87,5.87,34.38,4.020,-3.280,8.570
397911,328.25,6.12,34.75,1.650,-6.010,5.340
397949,329.06,6.50,35.75,1.310,-6.520,8.760
397961,329.38,6.56,36.31,1.430,-5.800,9.050
397973,329.44,6.44,36.56,2.540,-5.210,7.770
397985,329.44,6.19,36.75,2.160,-5.930,6.370
397999,329.50,5.94,36.88,1.680,-6.770,5.490
398011,329.50,5.31,37.13,1.690,-6.660,7.890
398023,329.56,4.94,37.38,2.100,-6.390,9.800
398035,329.56,4.62,37.56,2.580,-5.390,11.170
398049,329.69,4.37,37.75,1.540,-4.450,9.510
398061,329.94,4.31,37.88,0.560,-4.590,8.940
398073,330.19,4.37,37.94,0.270,-4.400,7.020
398085,330.44,4.69,37.94,-1.010,-5.580,8.790
398099,330.81,5.00,38.00,-1.880,-5.980,9.730
398111,331.44,5.62,37.94,-3.330,-7.330,9.250
398124,331.50,5.87,37.94,-3.170,-7.250,8.830
398136,331.56,6.12,37.88,-3.350,-7.380,8.580
398150,331.56,6.37,37.75,-3.560,-7.520,7.810
398162,331.44,7.00,37.44,-2.610,-7.900,6.820
398174,331.38,7.31,37.31,-2.140,-8.030,6.140
398186,331.13,7.69,37.31,-0.920,-8.400,6.600
398200,330.81,8.00,37.31,1.990,-8.170,7.530
398212,330.12,8.44,37.38,7.010,-5.780,7.750
398224,329.94,8.63,37.31,8.500,-5.250,7.670
398236,330.00,8.88,37.13,8.380,-4.890,7.570
398250,330.19,9.13,36.94,7.420,-4.400,7.710
398262,331.00,9.00,36.69,5.070,-6.040,4.810
398274,331.38,8.75,36.75,4.580,-6.280,5.570
398286,331.63,8.44,36.81,4.310,-5.440,5.590
398300,331.87,8.31,36.94,4.790,-4.440,7.500
398312,332.75,8.50,37.06,4.660,-3.350,8.770
398324,333.75,8.81,37.06,4.070,-3.740,8.280
398336,334.81,9.25,37.13,0.080,-5.970,9.770
398350,335.88,9.63,37.31,0.930,-5.270,8.390
398362,337.81,10.38,37.56,-2.290,-6.660,10.470
398374,338.56,10.63,37.63,-4.000,-6.480,10.340
398386,339.19,10.88,37.69,-4.390,-6.740,8.880
398400,339.63,11.19,37.75,-4.760,-7.020,10.220
398412,340.12,11.69,37.94,-3.440,-6.760,10.060
398425,340.19,12.00,37.94,-3.990,-6.720,9.000
398437,340.19,12.37,37.88,-3.840,-6.980,7.980
398451,340.12,12.69,37.88,-2.630,-8.030,6.790
398463,339.56,13.38,37.94,1.660,-7.010,6.480
398475,339.06,13.75,38.06,4.200,-7.970,6.080
398487,338.75,13.88,38.13,7.270,-6.300,5.880
398501,338.31,14.06,38.25,7.650,-6.060,7.080
398513,338.12,14.56,38.13,9.650,-5.000,6.070
398525,338.37,14.87,38.06,7.400,-5.190,6.420
398537,338.94,15.06,37.94,7.300,-4.160,7.660
398551,339.69,15.00,37.81,8.010,-2.370,6.520
398563,341.00,14.94,37.69,7.310,-2.020,3.780
398575,341.81,15.06,37.75,6.020,-2.000,3.340
398587,342.87,15.56,37.69,1.390,-7.490,8.470
398601,344.00,16.06,37.81,3.260,-7.030,9.500
398613,346.06,16.81,37.81,-1.410,-8.760,8.590
398625,346.87,17.06,37.88,-3.740,-10.150,10.370
398637,347.37,17.06,37.94,-4.960,-11.310,10.650
398651,347.56,16.81,38.06,-4.930,-9.640,10.290
398663,347.25,16.31,38.25,-3.970,-8.400,10.300
398675,346.94,16.12,38.25,-3.960,-8.560,9.460
398687,346.50,15.94,38.38,-3.260,-8.730,9.590
398701,346.00,15.81,38.44,1.190,-6.730,8.890
398713,344.69,16.06,38.63,5.000,-6.330,11.730
398725,344.00,16.06,38.75,8.320,-3.650,7.340
398737,343.31,15.94,38.63,7.080,-3.870,5.740
398751,342.87,15.81,38.50,8.420,-3.470,6.150
398763,342.44,15.94,38.19,7.870,-4.070,4.840
398776,342.75,16.06,37.94,6.510,-6.110,5.400
398788,343.44,16.00,37.69,8.270,-6.010,6.070
398802,344.06,16.00,37.50,8.570,-4.710,7.630
398814,345.69,16.31,37.06,6.740,-1.690,4.580
398826,346.81,16.94,36.75,3.990,-4.630,7.170
398838,348.06,17.56,36.63,2.930,-6.680,9.790
398852,349.19,18.06,36.63,1.390,-6.090,8.830
398864,351.12,18.75,36.38,-2.100,-8.440,9.650
398876,351.75,18.81,36.44,-2.480,-8.200,9.780
398888,352.19,18.81,36.38,-3.720,-8.970,9.110
398902,352.38,18.81,36.31,-3.870,-8.720,9.940
398914,352.13,18.56,36.31,-2.610,-8.630,9.650
398952,350.75,18.25,36.00,1.550,-4.830,7.300
398965,349.81,18.56,35.69,4.120,-4.690,8.400
398977,349.31,18.69,35.56,5.670,-3.410,7.230
398989,348.81,18.75,35.44,6.100,-3.560,5.710
399003,348.38,18.81,35.25,6.670,-2.940,4.910
399015,347.75,18.87,35.13,10.250,-3.270,5.220
399027,347.69,19.00,35.00,7.920,-4.880,5.380
399039,348.06,19.00,34.94,7.990,-5.130,6.500
399053,348.56,18.87,34.81,9.150,-4.170,7.300
399065,349.81,18.75,34.81,8.440,-2.240,7.310
399077,350.50,18.87,34.69,6.270,-2.540,4.750
399089,351.50,19.25,34.50,2.050,-6.980,10.370
399103,352.38,19.56,34.69,2.020,-6.530,10.440
399115,353.56,19.50,34.75,-2.060,-7.050,7.630
399127,353.94,19.44,34.75,-4.920,-10.170,10.070
399139,354.13,19.25,34.88,-4.250,-9.670,10.040
399153,353.88,18.87,34.94,-3.840,-9.210,9.890
399165,352.62,18.00,35.00,-2.750,-7.570,8.710
399177,351.81,17.56,35.00,-1.220,-6.110,9.210
399189,350.94,17.31,35.00,-1.110,-7.850,8.480
399203,350.06,16.94,35.00,2.870,-5.660,8.120
399215,348.31,16.44,35.06,5.320,-4.680,6.700
399227,347.25,16.12,35.44,7.310,-2.500,7.240
399239,346.31,15.88,35.81,6.150,-3.340,4.770
399253,345.56,15.56,36.00,6.780,-3.590,4.790
399265,344.69,15.38,36.38,6.470,-5.610,6.720
399277,344.56,15.38,36.50,6.880,-4.180,8.270
399289,344.69,15.13,36.56,7.420,-3.060,8.410
399303,344.81,14.87,36.69,7.580,-2.620,7.720
399315,345.31,14.56,36.94,5.830,-2.000,4.190
399328,345.81,14.69,36.94,3.300,-4.390,2.580
399340,346.62,15.06,36.88,-0.340,-9.060,9.880
399354,347.25,15.38,37.19,-0.130,-10.590,9.700
399366,347.75,15.19,37.56,-3.970,-10.660,9.850
399378,347.56,14.75,37.88,-4.340,-10.590,10.580
399390,346.94,14.25,38.00,-3.560,-9.460,11.250
399404,346.25,13.75,38.19,-2.920,-9.090,11.200
399416,344.62,12.75,38.44,-2.900,-10.030,9.660
399428,343.75,12.25,38.56,-1.360,-7.720,9.470
399440,342.62,11.88,38.50,0.000,-6.980,9.410
399454,341.44,11.50,38.44,0.910,-6.640,9.470
399466,339.31,10.63,38.44,-0.070,-8.430,7.050
399478,338.00,9.94,38.25,2.110,-4.510,7.850
399490,336.87,9.38,38.00,1.920,-2.860,5.600
399504,335.75,8.81,37.81,2.740,-4.720,5.330
399516,333.81,8.25,37.50,1.400,-6.590,8.160
399528,333.06,7.69,37.25,2.140,-6.600,4.790
399540,332.12,7.25,37.19,4.150,-6.090,5.190
399554,331.25,6.81,37.25,5.240,-5.710,6.790
399566,329.87,5.87,37.56,5.500,-2.900,7.330
399578,329.38,5.37,37.81,4.530,-3.040,7.140
399590,329.06,4.81,38.06,3.120,-6.880,4.790
399604,328.81,4.25,38.38,3.280,-8.030,4.510
399616,328.31,3.25,39.13,3.580,-7.470,6.960
399629,328.31,2.87,39.38,4.310,-5.570,8.410
399641,328.37,2.56,39.63,3.530,-5.440,7.640
399655,328.56,2.31,39.81,2.080,-6.260,8.820
399667,328.62,1.94,40.00,-1.610,-7.550,8.100
399679,328.62,1.69,40.06,-1.530,-7.370,8.780
399691,328.69,1.56,40.00,-1.940,-7.660,10.550
399705,328.75,1.44,39.88,-5.030,-7.780,9.500
399717,328.81,1.37,39.63,-6.860,-7.620,10.230
399729,328.62,1.44,39.50,-7.300,-7.230,10.100
399741,328.37,1.50,39.44,-6.840,-7.240,10.300
399755,328.06,1.56,39.31,-6.870,-7.580,10.510
399767,327.00,1.75,39.00,-2.640,-6.060,8.000
399779,326.44,2.12,38.81,0.270,-5.690,9.590
399791,325.75,2.50,38.81,2.030,-7.340,11.530
399805,325.13,2.56,38.69,3.610,-5.810,11.630
399817,324.12,2.50,38.19,8.200,-3.750,6.860
399829,323.25,2.87,38.06,11.870,-4.170,3.180
399841,322.37,3.44,38.19,8.860,-4.960,2.540
399855,322.63,3.44,38.19,3.170,-7.570,3.130
399867,324.25,2.81,38.00,5.980,-6.270,6.090
399879,324.94,2.50,38.06,5.280,-5.290,7.710
399891,325.56,2.37,38.06,4.120,-4.850,6.790
399905,326.19,2.37,38.06,3.620,-3.690,6.050
399917,327.75,2.87,38.00,-1.120,-6.250,9.600
399956,329.13,2.87,38.06,-5.440,-7.780,9.150
399968,329.13,2.50,37.94,-8.010,-7.720,9.460
399980,328.88,2.37,37.94,-7.590,-7.780,10.000
399992,328.50,2.31,37.88,-6.140,-8.120,10.610
400006,328.06,2.25,37.75,-5.420,-8.140,10.550
400018,327.13,2.37,37.63,1.010,-5.050,10.100
400030,326.69,2.87,37.56,3.110,-5.270,11.530
400042,326.19,3.31,37.63,2.610,-5.300,12.020
400056,325.75,3.44,37.50,2.890,-5.290,9.250
400068,325.06,3.69,37.19,6.660,-3.290,5.980
400080,324.75,4.06,37.06,7.500,-3.640,6.380
400092,324.75,4.37,36.88,5.620,-5.470,4.920
400106,325.00,4.50,36.75,3.800,-8.060,4.290
400118,325.56,4.44,36.69,4.220,-6.120,7.880
400130,325.87,4.25,36.69,3.710,-4.020,7.380
400142,326.12,4.12,36.69,2.960,-3.700,6.420
400156,326.37,4.00,36.75,2.590,-3.110,5.810
400168,327.00,3.81,36.88,0.270,-4.590,4.960
400181,327.50,3.87,36.94,-0.600,-5.890,5.460
400193,327.94,4.00,37.06,-1.710,-7.360,7.350
400207,328.25,3.94,37.25,-1.730,-8.580,10.990
400219,328.62,3.75,37.13,-3.350,-7.410,11.570
400231,328.69,3.62,37.06,-3.290,-6.610,11.410
400243,328.50,3.56,37.00,-2.760,-5.650,11.590
400257,328.31,3.56,36.94,-2.400,-5.580,11.090
400269,327.94,3.87,36.69,-2.980,-5.090,9.000
400281,327.81,4.19,36.50,-2.530,-6.010,7.860
400293,327.56,4.62,36.44,-1.940,-6.610,7.640
400307,327.25,5.00,36.31,-0.740,-7.160,7.490
400319,326.56,5.44,36.13,2.400,-6.240,7.480
400331,326.25,5.62,36.00,4.230,-5.880,7.480
400343,326.00,5.75,35.81,5.300,-4.570,7.260
400357,325.87,6.00,35.63,5.950,-5.420,7.160
400369,325.94,6.25,35.44,6.200,-4.280,7.830
400381,326.06,6.19,35.44,5.580,-3.130,6.510
400393,326.19,5.94,35.44,4.470,-4.060,4.910
400407,326.37,5.62,35.56,3.580,-5.450,4.600
400419,326.56,4.81,35.81,2.400,-6.970,8.090
400431,326.69,4.44,35.94,2.390,-5.610,9.540
400443,326.88,4.25,35.94,2.210,-4.180,10.860
400457,327.19,4.06,35.88,0.730,-4.460,10.590
400469,327.44,3.81,35.75,-4.040,-6.180,9.670
400482,327.25,3.56,35.69,-5.470,-7.010,9.320
400494,326.88,3.31,35.56,-5.130,-7.010,8.630
400508,326.25,2.94,35.44,-5.000,-7.280,9.150
400520,324.94,2.31,35.38,-2.780,-6.450,9.830
400532,324.31,2.19,35.31,-0.320,-5.070,9.150
400544,323.81,2.19,35.19,0.470,-5.060,9.020
400558,323.06,2.56,35.06,3.300,-4.850,7.980
400570,322.37,3.37,34.75,-0.230,-7.070,8.090
400582,322.37,3.25,34.75,3.640,-4.630,8.270
400594,322.44,3.12,34.75,4.420,-5.170,8.700
400608,322.37,3.12,34.81,4.240,-4.520,6.680
400620,322.44,2.87,35.06,3.280,-5.690,5.160
400632,322.56,2.69,35.25,2.330,-6.970,6.260
400644,322.81,2.50,35.44,3.270,-5.360,8.280
400658,323.13,2.31,35.63,3.580,-5.350,8.690
400670,323.75,2.19,36.13,3.230,-5.120,6.050
400682,324.12,2.19,36.44,2.660,-5.430,5.460
400694,324.56,2.19,36.63,0.480,-6.550,5.430
400708,324.94,2.12,36.81,-1.110,-8.370,6.900
400720,325.44,1.87,37.00,-1.450,-7.670,11.370
400732,325.62,1.75,36.94,-2.100,-7.310,11.500
400744,325.69,1.62,36.88,-3.120,-6.460,11.610
400758,325.62,1.56,36.81,-3.780,-5.390,12.070
400770,325.25,1.50,36.63,-3.630,-4.910,10.550
400782,324.94,1.50,36.50,-5.000,-5.750,8.360
400794,324.50,1.56,36.38,-5.420,-6.230,7.450
400808,324.06,1.62,36.25,-4.800,-6.660,7.360
400820,322.88,2.06,36.13,1.030,-6.390,10.420
400833,322.56,2.19,36.00,1.410,-5.110,8.470
400845,322.25,2.37,35.88,4.250,-3.470,6.810
400859,321.87,2.87,35.81,7.190,-3.450,8.080
400871,321.94,3.69,35.88,5.360,-5.500,5.350
400883,322.25,3.69,35.94,4.920,-6.410,5.040
400895,322.75,3.56,36.00,4.660,-6.660,6.160
400909,323.31,3.50,36.00,5.140,-6.720,6.850
400921,324.56,3.81,36.06,4.780,-5.530,7.230
400959,328.06,5.44,36.19,2.120,-6.700,7.900
400971,330.25,6.62,36.25,1.520,-5.970,8.000
400983,331.31,7.19,36.19,-0.090,-7.270,8.740
400995,332.31,7.62,36.06,-1.510,-7.960,8.890
401009,333.13,8.00,35.94,-1.400,-6.890,8.450
401021,334.69,8.69,35.69,-1.340,-6.440,10.070
401033,335.56,9.13,35.50,-2.640,-5.790,9.650
401045,336.56,9.75,35.31,-2.910,-5.500,9.300
401059,337.69,10.44,35.06,-3.450,-5.030,9.100
401071,339.75,12.25,34.69,-3.080,-5.350,9.570
401084,340.62,13.19,34.50,-2.460,-5.660,9.650
401096,341.38,14.13,34.25,-1.960,-5.370,9.210
401110,342.00,15.06,33.94,0.310,-4.340,8.660
401122,343.44,17.06,33.25,2.640,-4.250,8.560
401134,344.19,18.12,32.88,3.730,-4.560,8.630
401146,345.06,19.12,32.44,5.860,-4.850,7.930
401160,345.88,20.12,32.00,6.020,-4.200,7.390
401172,347.50,21.75,31.25,7.250,-3.740,6.430
401184,348.38,22.44,30.88,7.250,-4.520,6.700
401196,349.31,23.00,30.44,7.260,-4.260,6.860
401210,350.31,23.56,29.94,7.040,-4.080,6.650
401222,352.44,24.69,28.69,4.970,-2.480,6.830
401234,353.56,25.25,28.00,4.020,-2.190,7.260
401246,354.63,25.69,27.37,1.720,-2.320,8.320
401260,355.44,26.00,26.81,1.000,-2.950,7.980
401272,356.38,26.37,25.94,-0.870,-1.760,7.210
401284,356.56,26.44,25.75,-0.990,-2.120,8.000
401296,356.56,26.37,25.62,-0.710,-2.010,7.720
401310,356.44,26.37,25.44,-0.240,-2.020,7.770
401322,356.44,26.37,25.06,2.630,-1.770,8.700
401335,356.56,26.50,24.69,2.380,-2.330,8.190
401347,356.75,26.56,24.25,1.460,-2.260,8.260
401361,356.81,26.62,23.75,2.780,-4.320,6.110
401373,356.06,26.81,23.38,6.450,-5.590,6.860
401385,355.69,26.69,23.06,8.550,-7.080,7.520
401397,355.31,26.62,22.75,9.100,-6.430,6.370
401411,355.12,26.37,22.06,9.600,-6.230,6.380
401423,355.69,25.69,20.44,8.740,-4.890,8.200
401435,356.31,25.37,19.62,6.670,-4.830,7.970
401447,356.94,25.06,18.87,4.590,-5.070,7.290
401461,357.44,24.69,18.44,3.990,-4.030,7.600
401473,358.00,23.87,18.06,3.610,-1.420,9.270
401485,358.19,23.56,17.94,2.890,-0.780,9.220
401497,358.44,23.38,17.75,1.620,-0.300,9.010
401511,358.69,23.12,17.56,1.290,0.380,9.410
401523,359.06,22.94,17.25,0.190,-0.520,9.110
401535,359.06,22.94,17.25,-0.990,-1.780,7.850
401547,359.00,22.94,17.31,-1.070,-2.770,8.110
401561,358.87,22.94,17.37,-0.290,-3.210,8.490
401573,358.50,23.19,17.50,3.810,-2.810,9.780
401585,358.19,23.50,17.62,5.040,-2.980,10.240
401597,357.87,23.81,17.69,5.570,-2.220,11.030
401611,357.69,24.06,17.50,6.730,-1.680,9.780
401623,357.69,24.31,17.00,7.080,-1.260,8.910
401636,357.75,24.44,16.75,6.350,-1.450,8.040
401648,357.87,24.63,16.50,5.660,-1.950,6.870
401662,358.06,24.63,16.37,5.820,-2.720,6.970
401674,358.75,24.37,15.94,5.160,-4.650,5.990
401686,359.19,24.31,15.75,4.840,-4.910,7.540
401698,359.69,24.19,15.56,4.490,-4.040,8.120
401712,0.13,24.06,15.31,4.270,-3.330,8.740
401724,0.88,23.81,15.06,2.710,-0.780,9.610
401736,1.12,23.62,14.94,2.020,-0.010,9.830
401748,1.31,23.50,14.94,2.140,0.250,9.850
401762,1.37,23.31,14.94,1.030,-0.390,9.630
401774,1.37,23.19,14.87,-0.540,-2.020,8.680
401786,1.25,23.19,14.81,-0.290,-1.870,8.630
401798,1.00,23.19,14.81,0.450,-1.650,8.970
401812,0.69,23.25,14.81,1.250,-1.260,9.720
401824,0.19,23.56,14.63,3.910,-0.850,10.060
401836,359.87,23.75,14.56,3.980,-0.780,9.910
401848,359.69,23.69,14.50,5.050,-0.930,9.290
401862,359.50,23.50,14.44,5.600,-1.230,9.090
401874,359.12,22.94,14.38,7.380,-2.440,8.880
401887,359.00,22.69,14.38,7.410,-3.050,8.880
401899,358.94,22.31,14.38,8.690,-3.780,10.670
401913,358.81,22.06,14.31,8.090,-4.170,10.390
401925,358.56,21.31,13.88,6.570,-3.440,9.030
401963,357.94,19.50,13.88,3.690,-0.960,7.590
401975,357.75,18.62,13.88,0.470,1.780,6.760
401987,358.00,18.50,13.88,-0.870,0.540,8.530
401999,358.25,18.37,14.00,-1.500,-0.700,8.740
402013,358.44,18.25,14.13,-2.430,-1.570,8.860
402025,358.25,17.81,14.63,-2.210,-0.960,8.240
402037,358.06,17.69,15.00,-1.330,-0.370,8.230
402049,357.81,17.69,15.38,-0.700,-0.360,8.360
402063,357.56,17.81,15.81,-0.110,-0.570,8.560
402075,357.44,18.31,16.50,1.970,-2.500,9.680
402087,357.37,18.62,16.81,2.590,-2.980,9.670
402099,357.31,18.94,17.12,3.290,-3.280,9.450
402113,357.25,19.31,17.44,4.270,-3.200,9.360
402125,357.37,20.06,18.00,5.610,-2.120,8.870
402137,357.50,20.50,18.19,6.400,-3.720,10.910
402149,357.56,20.75,18.62,6.730,-4.020,9.680
402163,357.50,20.81,18.87,6.330,-4.140,9.760
402175,357.31,20.62,19.44,6.890,-2.710,9.720
402188,357.37,20.56,19.62,5.860,-2.180,8.940
402200,357.50,20.56,19.81,5.250,-2.340,8.260
402214,357.75,20.62,19.94,4.610,-2.450,7.840
402226,358.44,20.69,20.44,3.930,-2.840,9.430
402238,358.75,20.69,20.69,3.100,-3.120,9.610
402250,359.00,20.62,20.94,1.760,-3.320,10.010
402264,359.25,20.44,21.12,1.240,-3.450,9.940
402276,359.50,20.25,21.44,-0.980,-3.840,9.290
402288,359.56,20.31,21.50,-1.450,-4.020,9.040
402300,359.56,20.44,21.62,-1.230,-3.120,9.290
402314,359.56,20.75,21.75,-0.800,-2.560,9.480
402326,359.69,21.50,21.69,0.510,-2.940,8.810
402338,359.81,22.00,21.56,1.100,-3.520,8.570
402350,359.87,22.50,21.50,1.790,-3.830,8.300
402364,359.75,22.94,21.56,3.420,-3.870,8.440
402376,359.44,23.75,21.69,7.200,-3.930,7.910
402388,359.31,24.06,21.81,8.030,-6.240,8.940
402400,359.19,24.31,21.94,9.010,-4.400,7.430
402414,359.31,24.44,21.87,8.450,-2.820,7.470
402426,0.25,24.50,21.25,7.530,-3.830,6.850
402438,0.88,24.44,20.81,5.080,-5.660,5.940
402450,1.50,24.44,20.50,4.710,-5.650,6.480
402464,2.06,24.31,20.19,4.230,-4.980,7.590
402476,3.06,23.94,19.69,3.100,-2.510,9.950
402488,3.50,23.69,19.44,2.720,-1.450,10.350
402500,3.81,23.44,19.31,1.390,-0.550,9.930
402514,4.06,23.25,19.19,0.170,-0.200,10.370
402526,4.25,23.00,19.06,0.600,0.890,10.380
402539,4.25,23.06,19.00,0.260,0.050,9.830
402551,4.19,23.19,19.06,-0.550,-1.050,8.180
402565,4.19,23.31,19.12,-0.010,-1.680,8.190
402577,3.94,23.69,19.44,2.730,-4.010,8.600
402589,3.75,23.94,19.62,3.600,-4.720,8.320
402601,3.56,24.12,19.87,4.780,-4.860,8.260
402615,3.31,24.44,20.06,5.930,-4.890,8.260
402627,3.06,24.94,20.37,8.060,-6.200,8.820
402639,3.06,25.06,20.37,8.150,-5.470,9.060
402651,3.19,24.94,20.25,8.870,-3.370,9.180
402665,3.50,24.75,19.94,8.310,-3.070,8.690
402677,4.25,24.50,19.37,6.810,-2.430,6.660
402689,4.69,24.37,19.12,3.460,-2.450,6.430
402701,5.19,24.31,18.87,3.300,-3.330,8.540
402715,5.69,24.06,18.81,3.690,-3.890,8.680
402727,6.19,23.69,18.87,-0.170,-2.600,7.960
402739,6.37,23.50,19.12,-0.660,-3.230,9.040
402751,6.56,23.31,19.37,-0.750,-3.950,9.890
402765,6.62,23.12,19.62,-1.200,-3.790,10.020
402777,6.06,22.87,20.19,-0.910,-3.920,10.350
402789,5.50,22.75,20.69,-1.310,-3.910,9.890
402801,4.69,22.50,21.25,1.430,-2.360,10.360
402815,3.81,22.25,21.81,2.450,-2.200,10.600
402827,2.12,22.19,22.87,4.070,-2.190,8.250
402840,1.56,22.25,23.31,5.160,-3.330,7.460
402852,1.31,22.37,23.62,6.760,-3.940,8.320
402866,1.12,22.62,24.00,7.190,-4.780,8.980
402878,1.25,23.06,24.44,7.360,-4.790,8.660
402890,1.37,23.12,24.56,7.520,-4.580,9.050
402902,1.56,23.12,24.69,7.830,-4.340,9.010
402916,1.75,23.06,24.87,7.570,-3.120,7.220
402928,2.31,23.00,25.06,6.430,-2.600,7.670
402966,3.75,23.12,24.75,1.340,-2.220,8.320
402978,4.37,23.12,24.69,-1.760,-4.480,8.540
402990,4.25,23.00,24.81,-1.600,-3.660,8.670
403002,3.94,22.87,25.06,-1.700,-3.260,8.670
403016,3.44,22.75,25.37,-1.050,-2.880,9.320
403028,2.25,22.44,26.00,-0.020,-2.810,9.750
403040,1.75,22.37,26.31,-0.090,-3.170,9.100
403052,1.37,22.44,26.69,0.730,-4.250,9.310
403066,0.88,22.50,27.13,2.030,-4.510,9.600
403078,359.44,22.62,28.31,3.530,-4.050,8.690
403091,358.56,22.50,29.00,3.860,-4.400,8.590
403103,357.62,22.13,29.69,5.070,-4.460,8.420
403117,356.56,21.69,30.31,5.960,-3.950,8.400
403129,354.50,20.62,31.56,6.210,-2.900,7.340
403141,353.44,20.06,32.19,6.010,-3.160,6.910
403153,352.56,19.50,32.75,5.980,-2.910,6.420
403167,351.75,18.94,33.38,6.130,-2.700,4.910
403179,350.62,17.75,34.50,4.990,-6.330,5.260
403191,350.25,17.06,35.06,5.350,-7.130,8.300
403203,349.88,16.37,35.50,5.600,-5.420,9.720
403217,349.50,15.56,36.00,5.820,-3.370,9.970
403229,348.62,14.19,36.81,1.810,-4.440,5.950
403241,348.31,13.62,37.13,1.440,-5.490,7.840
403253,347.94,13.25,37.38,-0.510,-6.940,9.210
403267,347.44,12.88,37.56,-1.030,-5.990,9.630
403279,346.19,11.88,38.00,-2.050,-4.700,8.870
403291,345.50,11.44,38.19,-2.460,-4.460,8.740
403303,344.69,10.94,38.38,-2.590,-5.740,7.660
403317,343.81,10.44,38.56,-2.590,-6.650,8.260
403329,341.94,9.56,39.00,-1.230,-7.000,11.120
403341,341.06,9.25,39.19,-1.560,-6.480,9.710
403353,340.12,9.06,39.31,-1.080,-5.090,8.600
403367,339.06,9.00,39.44,-0.070,-4.140,7.510
403379,337.00,8.88,39.75,-1.340,-8.580,8.100
403392,336.00,8.69,40.00,0.610,-8.150,7.580
403404,335.00,8.44,40.06,1.810,-7.420,7.250
403418,333.94,8.31,40.25,2.350,-7.480,6.550
403430,332.44,8.25,40.44,2.680,-7.420,7.100
403442,331.87,8.25,40.56,4.130,-7.880,6.130
403454,331.31,8.38,40.63,3.840,-8.390,6.430
403468,330.81,8.50,40.75,4.110,-9.560,5.720
403480,329.87,8.63,40.81,5.420,-7.890,5.610
403492,329.56,8.63,40.81,6.030,-6.720,6.360
403504,329.38,8.69,40.81,5.550,-5.550,6.960
403518,329.50,8.63,40.81,5.290,-4.180,6.590
403530,330.12,8.31,40.81,4.350,-6.660,4.930
403542,330.44,8.25,40.94,4.650,-7.030,5.840
403554,330.94,8.13,41.00,3.920,-7.310,8.930
403568,331.50,8.13,41.00,3.120,-6.940,9.850
403580,332.81,8.38,40.81,-0.040,-5.190,9.320
403592,333.56,8.50,40.69,-1.640,-5.640,10.370
403604,334.06,8.63,40.56,-2.450,-4.970,9.510
403618,334.31,8.69,40.44,-3.380,-5.060,8.710
403630,334.56,8.94,40.25,-4.330,-6.620,9.370
403642,334.37,9.06,40.31,-3.480,-6.410,9.560
403654,334.06,9.19,40.31,-2.800,-5.980,9.170
403668,333.75,9.38,40.31,-2.940,-7.340,8.310
403680,333.00,10.00,40.31,-0.450,-7.700,7.650
403693,332.56,10.25,40.38,1.770,-8.120,8.230
403705,332.00,10.56,40.56,3.470,-7.360,6.840
403719,331.44,10.75,40.63,5.230,-7.270,6.690
403731,330.50,11.25,40.81,7.040,-5.620,6.220
403743,330.19,11.44,40.88,7.130,-5.020,5.730
403755,330.25,11.56,40.88,7.990,-4.620,5.640
403769,330.25,11.63,40.81,6.620,-4.450,5.510
403781,330.75,11.44,40.63,5.690,-7.570,3.420
403793,330.94,11.19,40.56,5.620,-7.740,4.990
403805,331.31,10.94,40.50,4.900,-6.930,7.030
403819,331.63,10.69,40.38,4.930,-5.750,8.330
403831,332.94,10.56,40.12,3.860,-3.120,7.470
403843,333.75,10.56,40.00,1.990,-3.630,8.720
403855,334.37,10.69,39.94,0.780,-4.780,9.000
403869,334.94,10.81,39.88,-2.380,-6.180,7.780
403881,335.56,10.75,39.88,-3.090,-7.480,9.800
403893,335.63,10.81,39.88,-3.500,-7.110,9.140
403905,335.69,10.88,39.94,-4.180,-7.620,9.870
403919,335.56,10.94,40.06,-2.140,-7.290,10.780
403931,335.25,11.44,40.19,-1.060,-6.140,10.110
403970,334.37,12.50,40.50,0.970,-6.630,7.760
403983,333.25,13.00,40.81,2.730,-7.140,6.050
403995,332.94,13.06,40.81,4.940,-7.330,4.500
404007,332.75,13.25,40.81,6.830,-6.600,4.960
404020,332.87,13.56,40.81,7.110,-8.360,5.890
404033,333.94,14.00,40.56,7.310,-7.640,6.730
404045,334.50,14.13,40.44,7.800,-6.320,7.130
404057,335.00,14.19,40.25,7.540,-4.050,6.340
404070,335.56,14.38,40.19,6.420,-3.490,5.270
404083,337.06,14.87,40.06,3.020,-4.490,6.510
404095,337.94,15.31,39.88,1.940,-5.010,7.760
404107,338.94,15.81,39.75,-1.300,-6.890,8.320
404121,339.75,16.19,39.69,-2.880,-7.820,8.960
404133,340.50,16.50,39.69,-4.220,-8.850,9.780
404145,340.31,16.44,39.88,-4.210,-8.010,9.430
404157,339.88,16.19,40.12,-2.860,-7.630,9.670
404171,339.50,16.00,40.31,-1.360,-6.930,9.670
404183,338.75,15.94,40.50,0.050,-6.290,8.660
404195,338.37,16.00,40.63,1.460,-5.900,9.550
404207,338.00,16.19,40.69,3.290,-4.730,7.870
404221,337.69,16.50,40.88,3.640,-4.380,7.520
404233,336.94,16.81,41.31,4.700,-5.700,6.200
404245,336.69,16.81,41.50,5.410,-5.990,5.290
404257,336.50,16.75,41.56,6.650,-6.330,5.130
404271,336.37,16.81,41.63,8.180,-6.650,5.200
404283,336.81,16.87,41.50,5.360,-7.860,6.060
404295,337.12,16.75,41.37,5.460,-6.540,7.940
404307,337.31,16.56,41.37,4.230,-3.990,7.770
404321,337.44,16.31,41.37,2.330,-4.060,6.350
404333,337.25,15.63,41.56,-0.580,-5.070,6.080
404345,337.00,15.31,41.69,-0.750,-5.480,8.730
404357,336.69,15.00,41.75,0.110,-5.350,9.760
404371,336.44,14.81,41.94,0.290,-4.680,10.210
404383,335.94,14.69,42.31,-1.680,-4.680,7.670
404395,335.44,14.63,42.56,-0.810,-5.980,7.010
404407,334.81,14.63,42.88,-1.570,-8.640,7.990
404421,334.19,14.38,43.06,1.430,-10.150,7.560
404433,332.69,13.69,43.13,4.950,-8.740,7.970
404445,332.12,13.50,43.00,6.160,-7.210,7.880
404457,331.69,13.44,42.88,7.430,-5.640,8.660
404471,331.31,13.44,42.69,5.800,-5.320,7.370
404483,330.87,13.25,42.19,3.380,-6.300,5.080
404495,330.69,13.00,41.94,3.270,-7.060,4.810
404507,330.50,12.69,41.69,3.250,-7.310,4.870
404521,330.31,12.25,41.44,3.140,-6.680,6.440
404533,329.94,11.31,41.13,2.020,-2.870,8.520
404546,329.63,10.81,41.06,0.410,-3.540,7.180
404558,329.19,10.31,41.06,-0.990,-5.070,6.230
404572,328.62,9.88,41.13,-1.710,-6.410,8.030
404584,327.38,8.81,41.31,-1.150,-4.360,10.450
404596,326.62,8.31,41.31,1.270,-5.130,9.490
404608,325.75,7.81,41.25,1.740,-6.330,7.980
404622,325.06,7.44,41.06,1.710,-7.280,6.360
404634,324.37,6.87,40.75,2.600,-7.810,7.400
404646,324.31,6.62,40.63,3.520,-7.970,7.780
404658,324.25,6.25,40.56,4.370,-7.460,7.970
404672,324.00,5.87,40.56,4.870,-5.960,8.870
404684,323.62,5.06,40.56,4.280,-6.050,6.830
404696,323.56,4.44,40.56,2.930,-7.100,5.140
404708,323.38,3.87,40.56,2.720,-6.630,6.170
404722,323.06,3.25,40.63,2.240,-5.950,7.120
404734,322.44,2.00,41.13,1.650,-6.290,8.710
404746,322.12,1.44,41.37,-0.290,-5.560,8.260
404758,321.75,0.75,41.63,-0.680,-6.050,8.730
404772,321.31,0.13,41.81,-1.450,-6.980,8.500
404784,320.94,-0.44,41.75,-5.300,-3.900,7.890
404796,320.81,-0.62,41.69,-4.800,-5.210,7.940
404808,320.56,-0.75,41.56,-5.070,-6.920,7.960
404822,320.25,-0.81,41.44,-3.610,-7.460,9.190
404834,319.44,-0.69,41.13,1.310,-6.190,9.490
404847,318.88,-0.37,41.13,3.570,-5.280,9.110
404859,318.31,0.13,41.19,3.090,-6.020,7.640
404873,317.87,0.69,41.31,2.660,-6.490,6.630
404885,318.06,1.31,41.19,1.580,-5.910,5.920
404897,318.63,1.31,41.00,1.300,-5.770,5.790
404909,319.25,1.25,40.81,1.850,-5.890,6.240
404923,319.81,1.25,40.56,3.300,-5.900,7.140
404935,320.69,1.56,40.19,2.150,-6.240,7.720
404973,321.56,1.75,40.00,2.150,-5.960,8.820
404985,322.12,2.00,39.94,0.590,-5.440,8.220
404997,322.50,2.25,39.88,-0.870,-5.020,8.460
405009,322.94,2.56,39.81,-2.490,-6.390,9.180
405023,323.19,2.75,39.81,-4.690,-8.390,10.630
405035,322.94,2.69,39.63,-4.760,-6.410,8.510
405047,322.56,2.69,39.50,-4.530,-5.860,8.050
405059,322.06,2.62,39.44,-3.610,-5.630,8.190
405073,321.56,2.62,39.38,-3.190,-6.230,7.760
405085,320.37,2.62,39.19,-0.580,-5.840,7.050
405097,319.69,2.75,39.06,6.590,-7.060,7.180
405109,318.63,3.19,39.00,9.170,-7.480,6.140
405123,317.50,3.75,39.00,5.710,-8.360,6.320
405135,317.50,3.75,38.75,5.990,-5.460,7.190
405147,318.19,3.25,38.69,6.920,-4.660,6.900
405159,318.88,2.69,38.75,6.460,-4.550,6.880
405173,319.44,2.25,38.88,4.780,-4.240,6.100
405185,320.31,1.75,39.25,2.820,-5.330,7.280
405198,320.94,1.81,39.38,1.730,-5.530,7.950
405210,321.69,1.94,39.56,-0.290,-6.200,10.420
405224,322.44,2.12,39.88,-0.810,-4.690,7.870
405236,323.87,2.75,40.50,-5.810,-8.850,11.510
405248,324.31,2.87,40.81,-4.190,-8.410,10.320
405260,324.62,2.94,41.19,-5.820,-8.440,9.710
405274,324.75,3.00,41.56,-6.350,-9.250,9.780
405286,324.44,3.06,42.25,-2.580,-7.180,10.450
405298,324.31,3.19,42.56,-1.900,-7.260,10.040
405310,324.25,3.37,42.81,-1.260,-6.990,9.370
405324,324.25,3.69,43.06,-0.280,-7.160,8.190
405336,323.81,4.37,43.56,0.520,-7.000,7.850
405348,323.56,4.62,43.75,0.230,-6.510,7.390
405360,323.19,4.69,43.87,1.730,-6.320,7.190
405374,322.63,4.81,44.00,1.980,-6.130,7.390
405386,321.50,4.62,44.13,2.220,-6.680,6.250
405398,321.00,4.37,44.19,2.550,-6.980,5.020
405410,320.44,4.12,44.19,3.910,-6.300,4.980
405424,319.94,4.06,44.25,4.820,-5.380,4.130
405436,319.56,4.06,44.44,1.450,-6.600,5.580
405449,319.56,4.06,44.56,1.260,-7.310,6.310
405461,319.56,4.00,44.63,1.780,-7.110,8.540
405475,319.56,3.81,44.75,1.350,-6.810,8.570
405487,319.25,3.56,44.75,0.550,-5.910,6.980
405499,318.94,3.31,44.75,0.120,-5.960,5.950
405511,318.56,3.12,44.81,-0.510,-6.360,5.860
405525,318.19,2.94,44.81,-1.120,-7.300,6.250
405537,317.13,2.56,44.81,-0.090,-6.210,8.700
405549,316.56,2.37,44.81,0.630,-6.150,8.930
405561,316.06,2.19,44.75,0.740,-6.150,8.740
405575,315.62,2.00,44.63,0.930,-7.250,6.450
405587,314.31,1.50,44.19,1.470,-8.700,5.140
405599,313.87,1.12,44.06,0.160,-9.610,5.010
405611,313.62,0.56,44.00,3.400,-6.670,6.370
405625,313.31,0.19,44.00,2.830,-7.000,8.740
405637,313.00,-0.62,44.13,3.330,-6.620,8.260
405649,312.94,-1.06,44.13,2.400,-6.300,6.510
405661,312.88,-1.37,44.13,1.110,-7.900,4.580
405675,312.81,-1.69,44.19,-0.230,-8.160,3.790
405687,312.75,-2.44,44.56,1.200,-7.530,8.640
405700,312.81,-2.87,44.75,1.460,-5.010,9.580
405712,313.19,-3.00,44.81,3.360,-5.870,9.100
405726,313.87,-2.94,44.75,3.410,-5.870,8.150
405738,316.06,-1.87,44.56,2.090,-5.260,5.250
405750,317.50,-0.81,44.50,-0.690,-7.280,8.140
405762,319.06,0.19,44.38,-4.890,-10.390,8.840
405776,320.19,0.88,44.25,-5.700,-10.660,8.210
405788,321.19,1.44,44.06,-0.470,-5.290,8.390
405800,321.75,1.81,43.94,-1.410,-5.500,8.190
405812,322.44,2.31,43.81,-2.300,-5.890,8.040
405826,323.13,2.87,43.69,-2.800,-7.080,7.690
405838,324.37,4.06,43.31,-0.970,-6.190,7.670
405850,325.00,4.75,43.25,-1.440,-6.320,7.370
405862,325.62,5.50,43.13,-1.260,-6.240,6.870
405876,326.25,6.31,43.00,-1.240,-6.440,6.870
405888,327.13,7.69,42.88,2.770,-7.120,5.690
405900,327.56,8.38,42.88,3.710,-7.540,5.630
405912,328.19,9.00,42.81,4.200,-7.900,5.620
405926,329.06,9.69,42.75,4.810,-8.100,5.730
405938,331.13,11.25,42.50,3.700,-8.430,6.960
405976,334.12,13.50,42.19,1.380,-5.840,8.400
405989,336.50,14.87,42.00,-0.320,-5.470,8.610
406001,337.69,15.69,41.81,-2.050,-5.440,8.970
406013,338.94,16.50,41.56,-2.530,-6.180,9.950
406027,339.94,17.31,41.31,-1.740,-5.750,10.020
406039,341.12,18.75,40.81,-0.250,-3.760,8.520
406051,341.50,19.50,40.56,0.370,-3.220,7.560
406063,341.69,20.19,40.25,1.550,-3.060,6.620
406077,341.88,20.81,40.06,3.900,-4.280,6.010
406089,342.19,22.00,39.75,5.250,-5.500,5.170
406101,342.44,22.50,39.50,5.690,-4.850,4.150
406113,342.69,22.94,39.38,7.620,-6.180,4.950
406127,342.94,23.19,39.38,8.600,-6.980,5.300
406139,343.50,23.38,39.19,9.050,-7.960,6.620
406151,343.88,23.31,38.94,7.960,-7.850,6.630
406163,344.19,23.25,38.75,7.090,-7.630,7.140
406177,344.50,23.12,38.50,5.940,-7.090,7.510
406189,344.87,22.62,38.06,2.290,-4.470,7.750
406201,344.81,22.25,37.94,1.190,-3.410,7.760
406213,344.75,21.81,37.88,0.900,-1.960,7.980
406227,344.62,21.44,37.81,-0.800,-1.200,7.750
406239,344.31,20.88,37.88,-1.960,-3.160,7.770
406251,344.00,20.69,37.94,-3.490,-6.050,8.660
406263,343.50,20.44,38.00,-2.750,-6.750,8.920
406277,342.87,20.19,38.00,-1.210,-6.970,9.010
406289,341.25,19.87,38.19,5.740,-6.580,10.010
406301,340.37,19.94,38.31,4.840,-6.050,9.290
406313,339.81,19.87,38.25,5.130,-6.650,7.100
406327,339.38,19.69,38.06,7.480,-6.660,7.300
406339,338.25,19.75,38.00,10.570,-3.870,6.050
406352,338.12,19.75,37.94,7.380,-4.520,5.400
406364,338.56,19.50,37.69,6.950,-6.340,5.220
406378,339.00,19.19,37.38,7.140,-6.790,6.150
406390,339.88,18.81,36.81,6.840,-6.150,6.300
406402,340.37,18.81,36.50,6.620,-5.150,6.570
406414,341.00,19.00,36.19,5.920,-5.320,7.540
406428,341.88,19.37,35.81,3.200,-4.740,7.460
406440,343.81,19.81,35.19,1.000,-3.840,9.160
406452,344.62,20.00,34.88,0.010,-3.760,9.460
406464,345.37,20.37,34.63,-1.680,-3.240,8.650
406478,346.06,20.69,34.44,-2.640,-4.770,10.320
406490,346.87,21.00,34.19,-1.080,-4.040,10.650
406502,347.06,21.12,34.06,0.840,-3.150,10.860
406514,347.25,21.44,33.88,1.800,-3.220,10.630
406528,347.56,21.75,33.63,2.530,-2.380,9.720
406540,348.13,22.87,33.13,2.040,-3.570,7.830
406552,348.31,23.44,32.88,3.500,-2.730,7.540
406564,348.50,24.06,32.56,4.750,-2.870,6.690
406578,348.69,24.69,32.19,3.720,-2.640,7.380
406590,349.00,25.56,31.50,4.840,-1.540,6.010
406602,349.31,25.69,30.94,7.280,-2.520,5.890
406614,349.62,25.88,30.50,7.510,-3.950,7.020
406628,350.00,25.88,30.06,6.310,-5.250,5.240
406640,350.19,25.94,29.37,4.800,-4.940,4.790
406652,350.13,25.62,29.19,8.120,-5.370,6.290
406664,350.31,25.19,28.81,6.630,-4.540,5.830
406678,350.44,24.87,28.56,5.190,-5.160,7.070
406690,351.06,24.12,27.94,3.090,-3.640,9.450
406703,351.31,23.94,27.56,1.760,-3.080,9.900
406715,351.56,23.81,27.25,1.010,-2.310,9.590
406729,351.62,23.62,26.94,-1.240,-1.440,8.960
406741,351.25,23.19,26.81,-0.970,-1.340,9.890
406753,350.69,22.94,27.00,-0.900,-1.340,9.900
406765,349.94,22.62,27.25,-1.380,-1.430,9.600
406779,349.06,22.19,27.56,-0.500,-1.700,9.300
406791,346.50,21.19,28.44,1.400,-3.330,10.170
406803,345.06,20.37,28.75,4.180,-2.820,8.570
406815,343.69,19.56,28.87,4.470,-2.440,9.690
406829,342.13,18.94,29.12,3.390,-2.510,9.880
406841,339.69,17.31,28.87,2.950,-3.100,8.370
406853,338.50,16.56,28.62,2.620,-4.380,7.500
406865,337.25,15.75,28.38,3.140,-3.940,7.100
406879,335.75,14.81,28.25,4.920,-3.060,7.770
406891,333.00,12.88,27.87,6.170,-2.210,7.680
406903,331.63,12.06,27.75,4.820,-3.840,6.090
406915,330.31,11.19,27.69,4.970,-4.630,5.700
406929,329.06,10.44,27.69,4.940,-5.840,5.660
406941,327.31,8.88,27.69,1.740,-9.730,6.420
406980,326.19,5.94,27.25,4.240,-2.830,11.950
406992,325.62,3.56,26.75,1.020,-3.250,8.440
407004,325.25,2.62,26.62,-0.920,-2.970,8.400
407016,324.81,1.87,26.50,-2.660,-3.290,10.300
407030,324.31,1.19,26.37,-2.710,-1.780,11.550
407042,323.19,0.13,26.19,-3.030,-1.150,11.640
407055,322.44,-0.19,26.12,-3.940,-1.640,10.000
407067,321.62,-0.50,26.06,-4.840,-2.510,8.820
407081,320.69,-0.75,26.00,-5.260,-3.650,8.240
407093,318.37,-1.31,25.81,-3.260,-5.470,8.890
407105,317.06,-1.81,25.75,-1.710,-4.090,8.260
407117,315.62,-2.50,25.69,0.200,-4.190,8.590
407131,314.12,-3.06,25.75,2.800,-4.950,9.320
407143,310.56,-3.44,26.00,6.470,-5.530,9.700
407155,308.69,-3.00,26.06,3.950,-6.160,10.070
407167,307.44,-2.81,26.00,1.940,-6.460,9.090
407181,306.87,-3.19,25.88,1.470,-6.410,7.970
407193,307.06,-4.69,25.50,1.580,-7.800,7.060
407205,307.37,-5.25,25.25,1.700,-7.280,7.600
407217,307.62,-5.56,24.94,1.780,-7.010,8.100
407231,307.75,-5.62,24.69,1.100,-6.170,8.770
407243,308.44,-5.69,24.44,1.770,-3.650,11.040
407255,308.94,-5.75,24.44,1.880,-3.190,11.620
407267,309.31,-5.62,24.37,-0.860,-1.830,9.820
407281,309.56,-5.37,24.19,-2.330,-0.670,10.640
407293,310.19,-4.75,23.75,-4.600,-0.590,11.970
407305,310.25,-4.44,23.50,-5.350,0.350,10.370
407317,310.19,-4.12,23.19,-5.180,0.320,10.850
407331,310.13,-3.87,22.87,-5.270,0.110,10.790
407343,309.37,-3.31,22.37,-4.400,-1.510,11.450
407355,308.81,-3.06,22.19,-4.380,-1.320,10.410
407367,308.13,-3.00,22.00,-3.640,-1.530,9.960
407381,307.44,-3.00,21.81,-1.270,-2.030,9.450
407393,305.87,-2.19,21.50,0.700,-6.230,13.260
407405,304.75,-1.75,21.31,2.440,-5.170,9.940
407417,304.06,-1.94,20.81,3.720,-4.910,9.960
407431,303.44,-1.94,20.25,4.510,-3.670,8.740
407443,301.56,-0.62,18.94,4.010,-2.790,6.890
407455,300.38,0.44,18.50,4.000,-2.620,7.040
407467,299.62,0.75,18.19,3.910,-2.520,7.490
407481,299.25,0.31,18.12,3.260,-2.690,6.940
407493,299.44,-1.87,18.37,2.800,-4.820,7.580
407505,299.81,-2.94,18.50,2.670,-5.730,7.800
407517,300.25,-3.75,18.50,2.230,-6.500,7.830
407531,300.81,-4.19,18.37,0.600,-5.830,8.020
407543,302.00,-4.44,18.19,-2.830,-4.530,9.170
407555,302.62,-4.62,18.25,-2.100,-3.210,12.950
407567,303.06,-4.87,18.31,-2.620,-2.310,13.380
407581,303.37,-5.12,18.31,-3.410,-2.360,13.250
407593,303.94,-5.25,18.00,-5.570,-0.770,11.300
407606,304.00,-5.12,17.75,-5.410,-0.660,11.790
407618,303.88,-4.62,17.62,-5.360,-0.810,12.080
407632,303.75,-4.19,17.44,-3.620,-0.310,11.640
407644,303.50,-3.37,17.00,-2.190,-0.760,10.230
407656,303.25,-2.75,16.75,-0.700,-1.020,10.000
407668,302.81,-2.06,16.62,-0.460,-0.980,9.620
407682,302.38,-1.62,16.50,1.500,-1.310,8.280
407694,301.19,-0.56,16.06,12.140,-1.460,7.280
407706,300.06,0.81,15.94,7.290,-2.340,7.010
407718,299.06,2.44,15.88,3.460,-4.010,7.020
407732,299.06,2.75,15.75,1.390,-4.710,5.900
407744,300.00,1.06,15.94,1.820,-5.790,7.380
407756,300.69,0.06,16.06,2.080,-5.570,8.150
407768,301.31,-0.56,16.12,2.720,-4.560,9.760
407782,301.81,-1.00,16.12,2.470,-4.140,9.700
407794,302.87,-1.37,16.12,1.390,-3.460,8.710
407806,303.31,-1.56,16.19,2.220,-2.830,7.140
407818,303.75,-1.75,16.37,1.200,-3.150,7.920
407832,304.44,-1.94,16.56,1.320,-4.110,10.310
407844,305.81,-2.12,16.69,0.690,-3.010,9.910
407856,306.69,-2.00,16.56,-1.220,-2.700,11.780
407868,307.56,-1.87,16.44,-1.570,-2.150,11.180
407882,308.50,-1.75,16.12,-3.040,-0.520,10.680
407894,310.00,-1.19,15.69,-3.630,0.070,11.020
407907,310.69,-0.81,15.56,-4.080,0.000,11.180
407919,311.37,-0.50,15.31,-4.300,0.160,10.820
407933,311.94,-0.25,15.13,-3.650,-0.060,11.260
407945,312.88,0.56,14.69,-2.160,0.940,10.360
407983,313.69,2.00,14.06,-0.770,0.020,8.260
407995,313.87,2.94,14.06,2.910,-0.890,7.420
408007,313.94,3.31,14.19,3.870,-1.190,7.300
408019,314.19,3.62,14.38,5.230,-3.250,8.050
408033,314.56,3.94,14.63,5.180,-4.330,7.700
408045,315.75,4.62,14.81,3.890,-4.640,6.700
408057,316.69,5.06,14.69,2.790,-4.920,8.240
408069,317.87,5.37,14.50,2.840,-4.980,9.520
408083,318.94,5.75,14.38,2.240,-3.740,9.600
408095,320.75,6.50,14.19,-1.890,-1.170,10.230
408107,321.62,6.62,14.25,-1.920,-0.110,9.340
408119,322.31,6.56,14.38,-2.520,-0.660,9.380
408133,322.88,6.50,14.63,-4.920,-1.590,9.680
408145,323.75,6.25,15.13,-3.200,-0.740,9.150
408157,324.06,6.44,15.31,-2.900,-0.580,8.940
408169,324.37,6.75,15.44,-1.530,-1.100,8.520
408183,324.62,7.19,15.56,-0.530,-1.250,8.250
408195,325.19,8.06,15.88,1.450,-3.210,8.280
408208,325.50,8.50,16.00,3.090,-3.640,8.720
408220,325.87,9.00,16.12,3.680,-4.000,9.390
408234,326.44,9.44,16.19,3.530,-4.350,9.720
408246,328.00,10.13,16.12,2.750,-3.190,10.600
408258,328.81,10.31,16.12,3.090,-1.830,10.770
408270,329.50,10.44,16.19,2.470,0.220,11.410
408284,330.19,10.50,16.31,1.910,1.030,11.510
408296,331.56,10.63,16.44,0.200,1.900,10.040
408308,332.12,10.94,16.44,-1.450,1.530,9.330
408320,332.44,11.38,16.44,-1.350,0.920,9.210
408334,332.75,11.81,16.44,-2.230,1.280,8.350
408346,332.94,12.63,16.50,-2.010,0.590,7.220
408358,332.69,13.00,16.75,-1.610,0.660,7.290
408370,332.25,13.31,17.12,-0.450,0.180,7.500
408384,331.87,13.56,17.50,1.540,-2.890,9.080
408396,329.94,13.75,18.50,5.210,-3.750,8.230
408408,329.00,13.81,18.81,5.150,-3.740,9.450
408420,328.69,13.38,18.81,5.360,-4.790,6.180
408434,328.31,13.25,18.87,5.530,-5.580,5.770
408446,327.87,12.88,19.12,5.630,-7.780,7.130
408458,328.00,12.37,19.12,4.760,-7.090,7.980
408470,328.25,11.75,19.00,5.720,-4.970,8.710
408484,328.62,11.12,18.94,6.740,-2.930,9.790
408496,329.44,10.25,18.62,3.300,-1.110,10.400
408509,329.75,9.81,18.50,1.780,-0.240,10.150
408521,329.87,9.38,18.37,-0.490,0.420,9.970
408535,329.94,8.75,18.31,-3.910,-0.210,9.830
408547,329.13,7.81,18.19,-5.770,-0.260,9.500
408559,328.37,7.44,18.19,-6.880,-0.160,9.150
408571,327.44,6.94,18.19,-7.020,-0.590,9.160
408585,326.19,6.50,18.31,-6.320,-1.000,9.390
408597,322.75,5.62,18.62,-1.730,-1.590,11.820
408609,320.88,5.00,18.56,0.520,-1.450,11.260
408621,319.06,4.37,18.31,1.760,-1.910,11.360
408635,317.25,3.75,17.94,2.050,-3.190,11.230
408647,314.06,2.50,16.81,4.250,-3.180,11.840
408659,312.69,1.94,16.06,4.190,-3.420,11.740
408671,311.56,1.31,15.31,2.960,-1.800,7.660
408685,310.38,0.75,14.63,2.540,-1.470,7.950
408697,307.87,0.00,13.75,6.220,-1.350,8.680
408709,306.75,-0.25,13.44,5.700,-0.710,8.490
408721,305.81,-0.56,13.13,4.110,-0.790,7.990
408735,305.00,-1.12,12.94,2.650,-0.830,7.500
408747,303.56,-2.62,13.00,0.900,-3.520,7.080
408759,302.94,-3.31,13.31,0.930,-5.200,7.650
408771,302.44,-4.06,13.69,0.990,-6.700,8.670
408785,302.19,-4.69,14.06,1.360,-8.840,11.930
408797,302.44,-5.44,14.19,2.300,-7.420,13.510
408810,302.87,-5.62,14.00,1.760,-3.800,13.060
408822,303.44,-5.81,13.81,-0.110,-2.800,12.810
408836,304.00,-6.06,13.56,-1.250,-1.540,11.810
408848,304.75,-6.06,13.13,-3.270,-0.660,9.380
408860,304.94,-5.87,12.94,-4.350,-0.120,8.800
408872,305.06,-5.62,12.81,-6.230,0.630,8.510
408886,305.00,-5.50,12.69,-5.900,2.960,10.050
408898,304.44,-4.75,12.37,-5.940,3.120,9.440
408910,303.88,-4.37,12.31,-5.620,2.470,9.090
408922,303.25,-4.00,12.25,-4.070,0.850,8.400
408936,302.62,-3.56,12.25,-2.680,0.100,8.780
408948,300.87,-2.19,12.56,-0.340,-3.260,11.560
408986,297.06,0.75,12.75,12.300,-4.450,9.630
408998,295.94,2.56,12.63,5.140,-3.500,8.030
409010,296.25,1.69,12.69,3.900,-3.370,8.360
409022,296.94,0.62,12.69,3.330,-3.310,7.900
409036,297.69,-0.19,12.63,2.590,-5.380,7.690
409048,299.19,-0.81,12.37,0.990,-6.530,7.740
409060,299.94,-0.94,12.19,-0.170,-5.910,8.940
409072,300.56,-1.12,12.13,0.140,-4.410,10.150
409086,301.06,-1.25,12.13,0.990,-2.070,11.490
409098,302.13,-1.37,12.19,-0.360,1.360,11.820
409111,302.62,-1.37,12.19,-1.270,1.730,11.390
409123,303.06,-1.25,12.25,-2.290,1.740,12.210
409137,303.37,-1.12,12.25,-2.980,2.050,12.090
409149,303.62,-0.81,12.19,-5.160,1.780,10.770
409161,303.37,-0.50,12.25,-5.180,1.380,10.490
409173,303.00,-0.31,12.31,-4.250,0.960,9.930
409187,302.62,-0.13,12.37,-3.270,0.910,8.990
409199,301.50,0.81,12.63,0.190,-0.140,8.100
409211,300.81,1.37,12.75,1.430,-2.530,8.430
409223,300.19,1.69,12.88,2.980,-3.110,7.840
409237,299.69,1.87,13.06,3.570,-3.660,7.370
409249,298.81,2.06,13.38,4.740,-6.290,7.070
409261,298.62,2.06,13.56,4.360,-7.230,7.360
409273,298.75,1.69,13.75,3.550,-7.280,8.370
409287,299.12,1.19,13.81,5.420,-4.810,10.010
409299,300.13,0.56,13.88,5.690,-4.430,10.220
409311,300.75,0.56,13.75,5.070,-4.310,8.800
409323,301.56,0.62,13.69,2.350,-3.850,6.190
409337,302.62,0.62,13.62,0.930,-3.710,7.200
409349,304.56,0.75,13.56,0.880,-3.360,8.200
409361,305.56,0.88,13.56,0.120,-2.780,9.150
409373,306.63,0.94,13.56,-0.800,-2.390,8.760
409387,307.62,1.12,13.62,-1.210,-0.660,8.570
409399,309.37,1.12,14.06,-3.670,0.210,13.110
409412,310.06,1.12,14.19,-4.630,1.790,12.600
409424,310.75,1.06,14.25,-7.770,1.890,11.520
409438,311.25,1.00,14.31,-7.910,1.920,9.900
409450,311.50,1.50,14.56,-7.190,1.000,9.990
409462,311.37,1.94,14.69,-4.690,0.320,9.570
409474,311.12,2.44,14.94,-3.320,0.000,9.050
409488,310.69,3.00,15.19,-1.420,-0.560,9.010
409500,309.56,4.00,15.69,5.030,-1.650,8.420
409512,309.12,4.37,15.94,6.460,-1.290,8.280
409524,308.87,4.56,16.12,6.920,-2.510,7.480
409538,308.81,4.75,16.31,6.600,-4.310,6.690
409550,309.44,4.19,16.50,4.960,-6.780,7.130
409562,309.94,3.94,16.56,5.920,-5.850,6.850
409574,310.50,3.94,16.75,5.790,-3.850,7.800
409588,311.12,3.87,16.87,5.560,-4.280,8.920
409600,312.75,4.12,17.00,3.510,-0.690,7.070
409612,313.94,4.19,17.12,0.950,-1.030,10.350
409624,315.00,4.00,17.37,0.740,-1.490,11.260
409638,315.44,3.94,17.69,-1.550,-1.400,11.590
409650,316.12,2.94,18.25,-4.970,0.470,10.650
409663,316.31,2.50,18.44,-6.780,0.300,9.620
409675,316.56,2.25,18.69,-6.060,-2.180,11.360
409689,316.63,2.19,19.00,-5.390,-2.710,11.360
409701,316.69,2.37,19.31,-3.740,-2.660,10.970
409713,316.69,2.50,19.44,-1.050,-3.140,11.920
409725,316.50,2.75,19.56,1.780,-2.070,11.170
409739,316.44,3.06,19.50,2.930,-2.520,10.570
409751,316.25,3.19,19.62,4.080,-2.320,8.120
409763,316.12,3.00,19.75,5.260,-2.370,7.940
409775,315.94,2.81,20.06,5.640,-2.410,8.450
409789,315.87,2.50,20.37,6.220,-2.720,8.900
409801,316.06,1.31,20.88,7.440,-4.060,7.970
409813,316.19,0.69,21.12,6.930,-3.740,6.810
409825,316.44,0.13,21.25,6.180,-2.850,5.370
409839,317.06,-0.44,21.25,4.800,-4.260,5.830
409851,318.19,-2.56,21.56,5.420,-5.120,6.160
409863,318.44,-3.81,21.44,5.390,-4.440,2.320
409875,318.94,-4.75,21.31,2.290,-2.800,3.170
409889,319.69,-5.56,21.25,1.660,-2.770,3.080
409901,321.37,-7.56,21.44,3.420,-3.130,5.040
409913,322.19,-9.06,21.56,3.090,-3.400,4.920
409925,322.94,-10.88,21.81,2.590,-3.710,4.610
409939,323.56,-13.13,22.00,0.720,-4.250,4.630
409951,324.06,-19.19,22.56,0.000,-3.590,3.390
409990,323.06,-32.13,23.69,-1.100,-1.070,0.830
410002,322.06,-42.38,24.50,-3.760,-0.660,-0.990
410014,321.75,-47.62,25.31,-5.170,-1.310,-1.180
410026,321.62,-52.94,26.62,-6.700,-1.750,-1.530
410040,321.50,-58.25,28.44,-8.690,-2.320,-3.170
410052,321.56,-69.00,36.00,-10.700,-1.760,-4.430
410064,321.69,-74.37,44.56,-10.360,-2.160,-5.400
410076,321.81,-78.94,60.56,-13.210,-1.330,-7.850
410090,321.87,-81.69,91.75,-14.000,-1.060,-9.520
410102,321.25,-78.12,152.44,-16.240,-0.520,-10.960
410114,320.31,-74.69,165.25,-17.180,1.670,-11.760
410127,318.94,-71.06,173.19,-16.780,2.370,-10.960
410141,317.19,-67.62,178.69,-15.470,2.810,-9.740
410153,314.00,-61.94,-174.75,-13.380,4.010,-5.870
410165,312.94,-59.56,-172.94,-11.970,4.080,-5.170
410177,312.50,-57.50,-171.87,-10.590,4.110,-5.710
410191,312.88,-55.81,-171.56,-9.680,4.430,-6.280
410203,315.81,-53.00,-172.50,-9.910,4.420,-6.600
410215,317.87,-51.75,-173.31,-9.840,3.790,-7.010
410227,319.87,-50.56,-174.00,-9.810,3.610,-7.320
410241,321.75,-49.44,-174.56,-10.100,3.390,-7.670
410253,325.19,-47.81,-175.38,-10.230,3.090,-8.470
410265,326.81,-47.25,-175.62,-9.940,2.860,-8.160
410277,328.25,-46.75,-175.87,-9.340,2.850,-7.870
410291,329.63,-46.44,-176.12,-8.500,3.420,-7.640
410303,332.19,-45.94,-176.69,-8.160,2.880,-8.150
410315,333.38,-45.75,-177.06,-8.270,3.010,-8.210
410327,334.62,-45.69,-177.50,-8.710,2.480,-8.640
410341,336.00,-45.75,-178.00,-9.000,2.110,-8.450
410353,338.31,-46.06,-178.87,-9.460,0.960,-7.230
410365,339.25,-46.25,-179.19,-8.760,0.480,-6.510
410377,340.00,-46.50,-179.38,-8.520,0.490,-6.680
410391,340.94,-46.88,-179.63,-8.420,0.180,-7.060
410403,342.69,-47.75,179.75,-7.510,0.690,-6.430
410415,343.63,-48.25,179.44,-7.460,0.240,-5.960
410427,344.75,-48.81,179.00,-7.390,-0.060,-5.550
410441,346.13,-49.31,178.44,-7.520,-1.310,-5.680
410453,348.87,-50.25,177.12,-8.210,-2.350,-5.800
410465,350.06,-50.56,176.56,-8.210,-1.560,-4.740
410477,351.19,-50.88,176.06,-8.090,-1.170,-4.850
410491,352.38,-51.25,175.50,-8.040,-1.300,-5.420
410503,355.00,-52.06,174.12,-7.160,-0.880,-6.070
410515,356.31,-52.38,173.38,-7.000,-1.340,-6.170
410527,357.31,-52.62,172.69,-7.130,-0.780,-4.940
410541,358.31,-52.81,172.06,-7.170,-0.700,-4.910
410553,0.13,-53.31,170.94,-6.680,-0.830,-4.880
410565,1.12,-53.63,170.31,-7.540,-1.110,-4.550
410577,2.69,-53.94,169.37,-9.150,-1.370,-6.210
410591,4.37,-54.38,168.25,-9.330,-1.000,-7.170
410603,7.56,-55.19,165.88,-9.530,-0.690,-6.440
410616,8.81,-55.56,164.94,-8.830,-0.850,-6.320
410628,9.88,-56.00,164.00,-8.550,-1.110,-5.580
410642,10.75,-56.37,163.25,-8.480,-1.100,-4.710
410654,13.56,-56.94,160.81,-8.700,-0.270,-4.270
410666,15.38,-57.31,159.06,-8.690,-0.650,-4.380
410678,17.37,-57.69,157.12,-8.560,-1.030,-4.850
410692,19.12,-58.13,155.12,-9.230,-1.570,-4.300
410704,22.13,-58.75,152.12,-9.370,-1.850,-4.400
410716,23.31,-58.87,151.12,-9.160,-1.660,-4.450
410728,24.37,-58.94,150.38,-9.220,-0.960,-4.520
410742,25.44,-59.13,149.56,-9.210,-0.730,-4.560
410754,27.25,-59.50,147.75,-8.810,-1.160,-3.900
410766,28.00,-59.69,146.81,-8.950,-1.470,-3.630
410778,28.69,-59.94,145.81,-9.280,-2.110,-3.740
410792,29.37,-60.12,144.87,-9.810,-2.160,-3.460
410804,30.50,-60.75,143.00,-9.320,-1.470,-3.430
410816,31.00,-61.06,142.00,-8.490,-1.140,-2.880
410828,31.44,-61.50,140.81,-7.690,-1.440,-2.090
410842,31.87,-61.94,139.50,-7.580,-1.510,-2.360
410854,32.56,-62.81,136.94,-7.590,-1.210,-3.810
410867,32.69,-63.19,136.00,-8.480,-0.890,-2.420
410879,32.69,-63.50,135.50,-7.860,-1.050,-2.570
410893,32.56,-63.75,135.25,-7.640,-0.780,-2.120
410905,31.87,-64.37,134.81,-8.790,-2.190,-0.640
410917,31.56,-64.62,134.69,-8.040,-2.330,-0.760
410929,31.19,-64.81,134.81,-7.640,-2.160,-1.370
410943,30.81,-65.00,135.00,-6.900,-0.600,-1.380
410955,30.19,-65.31,135.12,-6.850,0.040,-1.230
410993,29.56,-65.69,133.63,-6.610,-2.150,-0.050
411005,29.44,-65.69,131.75,-6.270,-2.530,-0.320
411017,29.63,-65.37,131.19,-6.920,-2.700,-0.520
411029,29.75,-64.94,131.31,-7.460,-2.830,-0.850
411043,29.75,-64.50,132.00,-7.770,-2.720,-1.570
411055,29.37,-63.56,133.87,-7.470,-2.490,-1.570
411067,29.06,-63.06,134.69,-7.110,-2.160,-1.370
411079,28.94,-62.62,135.19,-7.370,-3.380,-1.610
411093,29.19,-62.19,135.37,-8.120,-4.550,-2.140
411105,30.19,-61.13,135.37,-10.130,-5.390,-4.160
411117,30.75,-60.69,135.56,-11.320,-4.770,-5.650
411129,31.12,-60.31,135.75,-11.600,-4.650,-5.850
411143,31.37,-60.06,135.94,-11.810,-4.210,-6.010
411155,30.88,-60.12,136.62,-10.980,-4.220,-5.390
411168,30.31,-60.25,137.31,-10.360,-4.510,-5.210
411180,29.63,-60.38,138.19,-10.200,-4.740,-5.390
411194,29.00,-60.50,139.25,-10.960,-4.410,-5.630
411206,27.69,-60.63,141.81,-10.940,-3.710,-4.770
411218,27.13,-60.75,143.13,-10.960,-3.770,-4.340
411230,26.75,-60.88,144.19,-9.920,-3.520,-4.370
411244,26.50,-61.19,144.81,-9.670,-3.350,-4.670
411256,26.56,-61.88,145.19,-9.210,-2.670,-4.300
411268,26.87,-62.19,144.81,-8.890,-2.540,-4.120
411280,27.31,-62.44,144.19,-8.570,-2.380,-4.000
411294,27.94,-62.75,143.31,-8.580,-2.460,-3.990
411306,29.44,-63.13,140.94,-9.050,-2.390,-4.970
411318,30.06,-63.25,139.94,-8.980,-2.080,-5.050
411330,30.56,-63.25,139.31,-8.800,-1.690,-4.860
411344,30.94,-63.19,139.06,-8.550,-1.540,-4.140
411356,31.37,-63.06,139.06,-8.630,-2.000,-3.890
411368,31.50,-63.06,139.00,-9.170,-2.270,-4.480
411380,31.75,-63.06,138.62,-9.270,-2.070,-4.790
411394,31.94,-63.06,138.06,-9.340,-1.650,-4.830
411406,32.50,-63.19,136.25,-9.970,-0.980,-5.050
411419,32.75,-63.25,135.19,-10.250,-1.240,-5.150
411431,32.81,-63.31,134.19,-10.510,-1.590,-5.230
411445,32.75,-63.38,133.19,-10.920,-2.050,-5.420
411457,32.31,-63.50,131.37,-10.640,-1.870,-4.690
411469,32.00,-63.56,130.44,-10.510,-2.100,-4.160
411481,31.69,-63.63,129.25,-10.560,-2.870,-3.440
411495,31.44,-63.69,127.81,-10.630,-3.350,-3.520
411507,30.88,-63.87,124.50,-10.440,-3.260,-3.670
411519,30.56,-63.94,122.69,-10.390,-3.250,-3.400
411531,30.12,-64.00,120.94,-13.480,-3.840,-2.010
411545,29.87,-63.63,120.25,-7.970,-2.500,-3.050
411557,28.81,-63.56,118.19,-9.170,-3.860,-1.800
411569,28.12,-63.56,117.19,-9.130,-3.870,-1.650
411581,27.44,-63.69,116.12,-8.730,-3.850,-1.710
411595,26.75,-63.75,115.12,-8.290,-3.350,-1.140
411607,25.44,-63.87,113.12,-8.200,-3.430,-0.530
411619,24.87,-63.94,112.19,-8.570,-4.180,-0.480
411631,24.31,-64.00,111.12,-8.720,-4.160,-0.590
411645,23.87,-64.00,110.00,-9.120,-4.180,-0.740
411657,23.12,-63.87,107.37,-8.670,-3.490,-0.530
411669,22.81,-63.81,105.87,-8.420,-3.500,-0.260
411681,22.44,-63.75,104.44,-8.250,-3.760,-0.120
411695,22.06,-63.69,103.12,-8.110,-4.200,-0.160
411707,21.19,-63.69,100.87,-7.440,-3.600,-0.240
411720,20.69,-63.75,99.94,-7.170,-3.180,-0.100
411732,20.25,-63.81,99.13,-7.130,-2.910,0.160
411746,19.75,-63.94,98.50,-7.460,-2.990,0.230
411758,19.00,-64.12,98.06,-7.790,-3.300,-0.420
411770,18.62,-64.19,98.00,-8.250,-3.120,-0.960
411782,18.44,-64.25,97.88,-8.380,-2.900,-1.160
411796,18.25,-64.25,97.88,-8.230,-2.720,-1.200
411808,17.94,-64.25,98.19,-8.810,-3.410,-1.420
411820,17.81,-64.19,98.50,-9.050,-3.680,-1.740
411832,17.62,-64.12,99.00,-9.150,-3.790,-2.040
411846,17.44,-64.06,99.69,-9.410,-3.720,-2.340
411858,17.06,-63.94,101.12,-9.280,-3.720,-1.950
411870,16.94,-63.87,101.81,-9.660,-4.260,-1.980
411882,16.81,-63.75,102.56,-9.840,-4.570,-2.110
411896,16.62,-63.69,103.31,-9.610,-4.490,-2.350
411908,16.19,-63.56,104.87,-8.840,-3.720,-2.210
411920,15.94,-63.50,105.63,-8.640,-3.600,-1.900
411932,15.69,-63.44,106.25,-8.560,-3.670,-1.600
411946,15.50,-63.38,106.81,-8.530,-3.850,-1.440
411958,15.19,-63.13,107.56,-8.330,-4.340,-1.610
411996,14.87,-62.62,107.75,-7.470,-3.560,-0.860
412008,14.81,-62.19,107.87,-7.900,-4.190,-0.690
412020,14.75,-62.00,108.06,-8.030,-4.520,-0.890
412032,14.75,-61.75,108.25,-8.100,-4.620,-1.010
412046,14.75,-61.56,108.63,-7.980,-4.350,-0.970
412058,14.75,-61.13,109.37,-8.090,-4.350,-0.380
412071,14.81,-60.88,109.75,-8.250,-4.660,-0.460
412083,15.00,-60.63,110.12,-8.450,-4.900,-0.730
412097,15.13,-60.38,110.56,-8.850,-4.950,-1.390
412109,15.63,-59.88,111.50,-8.730,-4.220,-1.560
412121,15.88,-59.63,112.06,-8.900,-4.080,-1.520
412133,16.19,-59.38,112.75,-9.420,-4.440,-1.590
412147,16.44,-59.19,113.50,-9.860,-4.750,-1.790
412159,16.94,-58.75,115.00,-10.010,-4.440,-2.730
412171,17.19,-58.56,115.62,-9.880,-3.980,-2.850
412183,17.37,-58.44,116.19,-9.800,-3.690,-2.700
412197,17.56,-58.25,116.56,-9.890,-3.640,-2.550
412209,17.87,-57.94,117.06,-10.130,-4.400,-2.550
412221,18.06,-57.75,117.06,-10.030,-4.510,-2.700
412233,18.19,-57.62,116.94,-9.530,-4.190,-2.600
412247,18.37,-57.50,116.75,-9.160,-3.970,-2.310
412259,18.62,-57.31,116.31,-8.990,-4.120,-1.780
412271,18.69,-57.19,116.12,-9.150,-4.840,-1.870
412283,18.75,-57.13,116.06,-8.920,-4.800,-2.080
412297,18.87,-57.06,116.06,-9.040,-4.810,-2.240
412309,18.94,-57.00,116.19,-8.450,-4.040,-2.020
412322,19.00,-57.00,116.31,-8.490,-4.050,-1.790
412334,19.00,-57.00,116.37,-8.530,-4.200,-1.750
412348,19.06,-57.00,116.50,-8.700,-4.600,-2.000
412360,19.12,-57.00,116.50,-8.540,-4.430,-2.280
412372,19.19,-57.06,116.50,-8.330,-4.160,-2.110
412384,19.31,-57.00,116.37,-8.350,-4.190,-1.630
412398,19.44,-57.00,116.31,-8.530,-4.400,-1.540
412410,19.81,-57.00,116.19,-9.090,-4.920,-2.110
412422,19.94,-57.00,116.12,-8.970,-4.630,-2.340
412434,20.12,-57.00,116.12,-8.770,-4.170,-2.450
412448,20.25,-57.06,116.12,-8.650,-3.910,-2.360
412460,20.50,-57.13,116.00,-9.090,-4.480,-1.780
412472,20.62,-57.19,115.88,-9.300,-4.850,-1.870
412484,20.75,-57.19,115.75,-9.520,-4.970,-2.200
412498,20.88,-57.25,115.62,-9.310,-4.680,-2.340
412510,21.12,-57.31,115.31,-8.870,-4.130,-1.970
412522,21.31,-57.31,115.12,-8.830,-4.280,-1.680
412534,21.50,-57.38,114.88,-8.950,-4.510,-1.700
