....
WiFi connected.
10.202.222.1
t_ms,roll,pitch,yaw,ax,ay,az
6789,65.87,3.56,56.75,-4.110,-13.820,1.090
6827,63.44,2.62,56.37,-2.400,-11.650,0.880
6839,62.75,2.37,56.31,-1.630,-11.610,0.910
6852,62.00,2.19,56.31,-1.670,-11.970,0.700
6865,60.56,2.00,56.19,-1.780,-12.110,0.680
6877,59.81,1.94,56.13,-1.660,-12.300,1.050
6889,59.06,1.94,56.13,-1.060,-12.210,1.720
6902,58.13,1.87,56.13,0.660,-10.270,2.730
6915,55.88,1.69,56.00,0.790,-9.220,1.980
6927,54.69,1.37,56.06,1.140,-8.430,2.510
6939,53.56,0.88,56.25,0.900,-7.970,2.600
6952,52.50,0.25,56.50,0.610,-7.590,3.150
6965,50.31,-0.88,57.13,0.450,-7.290,3.440
6977,49.25,-1.37,57.50,0.270,-7.160,3.730
6989,48.19,-1.94,57.88,0.680,-6.820,5.090
7002,47.06,-2.44,58.25,1.400,-6.570,5.840
7015,44.75,-3.62,59.13,2.960,-5.780,7.300
7027,43.56,-4.25,59.63,3.890,-5.840,8.350
7039,42.44,-4.87,60.19,4.760,-6.020,9.420
7052,41.37,-5.44,60.81,5.360,-6.370,10.370
7065,39.69,-6.44,62.00,5.940,-7.080,12.330
7077,39.00,-6.87,62.56,6.010,-7.270,12.840
7089,38.44,-7.31,63.00,6.680,-7.620,13.970
7102,38.06,-7.62,63.31,6.780,-7.480,14.220
7115,37.81,-8.13,63.63,6.560,-7.180,14.240
7127,37.94,-8.25,63.63,6.640,-6.920,14.050
7139,38.25,-8.25,63.50,6.460,-6.630,13.740
7152,38.75,-8.06,63.25,6.450,-6.170,13.300
7165,40.25,-7.56,62.50,6.150,-5.550,12.530
7177,41.19,-7.25,62.06,5.440,-5.370,11.940
7189,42.25,-6.94,61.63,4.590,-5.260,11.360
7203,43.38,-6.62,61.13,3.340,-5.210,10.390
7215,45.75,-5.87,60.06,3.220,-4.750,9.630
7227,47.00,-5.44,59.56,3.090,-4.380,8.760
7239,48.31,-4.94,59.00,2.670,-4.360,8.080
7253,49.75,-4.44,58.50,2.010,-4.240,7.310
7265,52.62,-3.31,57.50,1.480,-4.790,5.620
7278,54.06,-2.69,57.06,1.260,-5.430,5.030
7290,55.44,-2.19,56.69,1.070,-5.880,4.520
7303,56.75,-1.75,56.44,0.680,-6.170,3.900
7316,59.19,-1.19,56.13,1.450,-7.230,2.000
7328,60.38,-1.00,56.06,1.030,-8.060,1.530
7340,61.56,-0.75,56.06,-1.590,-10.520,-0.550
7353,62.88,-0.62,56.06,-2.900,-11.720,-1.820
7366,65.25,0.00,56.13,-3.470,-14.040,-3.370
7378,66.31,0.37,56.19,-6.040,-17.130,-4.760
7390,67.25,0.75,56.37,-6.750,-18.570,-4.670
7404,68.06,1.00,56.75,-6.730,-20.100,-5.330
7416,68.56,0.88,58.56,-10.540,-23.940,-4.680
7428,68.62,0.37,58.81,-10.400,-23.140,-4.410
7440,68.44,-0.13,58.87,-8.970,-21.830,-4.080
7454,67.87,-0.62,58.87,-6.410,-18.130,-3.660
7466,66.56,-1.37,58.44,-3.690,-14.470,-3.290
7478,65.81,-1.50,58.13,-2.700,-13.010,-3.570
7490,65.06,-1.56,57.81,-2.770,-12.950,-3.340
7504,64.31,-1.50,57.56,-2.250,-13.120,-2.730
7517,62.69,-1.31,56.94,-1.680,-12.660,-0.180
7529,62.00,-1.25,56.31,-2.120,-11.490,-2.050
7541,61.19,-1.19,55.81,-1.460,-10.700,-0.790
7554,60.25,-1.25,55.50,-0.510,-9.990,-0.440
7567,58.38,-1.19,54.94,-0.170,-7.700,0.150
7579,57.38,-1.06,54.81,-0.390,-7.210,0.450
7591,56.25,-0.88,54.75,0.210,-6.150,1.050
7605,55.31,-0.88,54.88,-0.110,-6.010,1.750
7617,53.44,-1.12,55.56,0.070,-5.900,2.990
7629,52.44,-1.31,56.06,0.390,-5.630,4.250
7641,51.44,-1.56,56.63,-0.010,-5.690,4.770
7655,50.38,-1.81,57.25,0.100,-5.950,5.540
7668,48.13,-2.37,58.69,3.150,-7.030,9.650
7680,46.88,-2.75,59.50,4.250,-7.460,11.200
7693,45.56,-3.19,60.38,5.120,-7.300,12.220
7706,44.31,-3.75,61.19,6.130,-6.310,13.640
7719,41.94,-5.37,63.00,6.750,-6.420,14.360
7731,40.81,-6.12,63.87,8.060,-7.220,16.100
7743,39.88,-6.81,64.69,8.720,-7.710,16.910
7756,39.13,-7.37,65.31,8.770,-8.390,17.410
7769,38.38,-8.00,66.06,8.530,-8.860,17.170
7781,38.31,-8.13,66.19,8.360,-9.020,16.990
7793,38.50,-8.13,66.12,7.790,-9.130,16.500
7830,41.44,-6.94,64.12,4.880,-7.620,13.090
7842,42.44,-6.50,63.31,4.160,-6.030,11.630
7856,43.44,-6.12,62.50,4.140,-5.340,11.040
7868,45.56,-5.50,61.00,3.180,-4.440,9.860
7880,46.75,-5.19,60.31,2.360,-4.110,8.790
7892,47.94,-4.81,59.63,1.650,-4.240,8.080
7906,49.19,-4.31,59.00,0.860,-4.450,7.450
7918,51.63,-3.37,57.69,0.800,-4.900,5.830
7931,52.81,-2.87,57.13,0.650,-5.060,5.370
7943,53.94,-2.50,56.69,0.020,-5.110,4.640
7956,55.00,-2.12,56.31,-0.010,-5.160,3.180
7969,57.19,-1.19,55.69,0.350,-6.010,2.380
7981,58.31,-0.50,55.38,2.970,-6.100,1.950
7993,59.50,0.31,55.12,2.680,-8.320,1.140
8006,60.69,1.19,54.94,3.510,-9.520,0.380
8019,63.00,1.56,55.19,-1.890,-13.870,-3.860
8031,63.87,1.06,55.63,-4.100,-14.320,-5.730
8043,64.87,0.31,56.19,-6.090,-15.310,-6.680
8057,65.87,-0.19,56.88,-8.030,-16.650,-9.700
8069,67.69,-0.62,58.63,-9.830,-23.120,-6.120
8081,68.19,-0.31,58.87,-10.020,-24.280,-5.580
8093,68.37,-0.13,59.06,-10.610,-23.690,-6.070
8107,68.12,-0.13,59.13,-9.590,-22.240,-5.860
8120,66.56,-0.69,59.19,-5.450,-17.970,-5.240
8132,66.00,-1.50,58.94,-4.150,-14.000,-5.290
8144,65.19,-2.12,58.75,-2.310,-13.200,-5.480
8157,64.31,-2.50,58.50,-2.710,-12.030,-5.450
8170,62.69,-2.81,58.06,-1.900,-13.100,-4.010
8182,61.94,-2.75,57.81,-1.460,-12.670,-3.350
8194,61.25,-2.69,57.44,-0.870,-12.190,-1.520
8207,60.63,-2.50,56.63,-1.840,-8.890,-3.060
8220,58.13,-1.50,55.44,-1.210,-7.340,-2.830
8232,57.00,-1.37,55.38,-1.050,-6.070,-1.700
8244,55.94,-1.44,55.50,-0.990,-5.680,-0.880
8257,55.06,-1.87,55.88,-0.320,-5.840,-0.120
8270,53.19,-2.62,57.13,0.360,-6.140,3.100
8282,52.06,-2.81,57.88,0.870,-6.090,4.000
8294,50.88,-2.94,58.69,0.870,-6.140,5.000
8308,49.75,-3.12,59.56,0.530,-6.090,6.310
8320,47.25,-3.62,61.50,1.800,-6.670,10.270
8332,45.88,-4.00,62.62,2.650,-7.440,11.820
8344,44.31,-4.62,63.87,5.290,-9.020,14.530
8358,42.81,-5.31,65.06,6.600,-9.760,15.880
8370,39.88,-6.62,67.37,8.480,-10.760,17.940
8383,38.63,-7.19,68.31,10.340,-11.630,19.890
8395,37.75,-7.50,68.87,11.230,-11.540,20.700
8408,36.88,-7.87,69.37,11.720,-11.490,21.060
8421,36.06,-7.94,69.31,12.330,-10.210,20.470
8433,36.25,-7.81,68.94,12.360,-9.250,19.560
8445,36.81,-7.69,68.37,11.900,-8.260,18.610
8458,37.75,-7.44,67.69,10.160,-7.100,16.560
8471,40.44,-6.69,65.94,8.030,-5.800,13.860
8483,42.19,-6.44,65.06,5.300,-4.970,11.190
8495,43.75,-6.00,64.19,4.630,-4.880,10.380
8509,45.19,-5.56,63.38,4.520,-4.580,9.810
8521,48.06,-5.00,62.13,2.970,-5.440,8.810
8533,49.50,-4.87,61.56,2.300,-5.410,7.970
8545,51.00,-4.75,60.94,1.900,-5.350,6.950
8559,52.50,-4.50,60.31,0.880,-5.590,5.070
8572,55.63,-3.56,58.75,0.330,-4.890,2.590
8584,57.19,-2.87,58.00,0.160,-4.830,1.470
8596,58.75,-2.12,57.44,0.620,-5.610,0.490
8609,60.19,-1.50,57.06,0.840,-6.300,-0.120
8622,62.75,-0.88,57.13,1.130,-8.370,-1.510
8634,63.94,-0.81,57.44,0.330,-12.460,-2.340
8646,65.12,-0.81,57.69,-1.340,-14.530,-3.550
8659,66.62,-1.12,57.88,-3.150,-15.130,-5.710
8672,69.69,-1.50,58.38,-5.920,-17.760,-8.840
8684,70.44,-0.81,59.00,-6.270,-18.250,-6.900
8696,70.69,0.19,59.50,-8.800,-21.630,-9.490
8710,70.44,1.19,60.06,-11.840,-24.620,-8.280
8722,70.50,0.37,60.38,-12.330,-24.980,-7.850
8734,70.56,-0.88,60.06,-10.280,-21.070,-8.930
8746,70.56,-2.31,59.69,-8.480,-18.780,-8.590
8760,70.19,-3.44,59.25,-6.670,-16.810,-7.600
8772,67.87,-3.75,58.56,-3.250,-12.850,-7.830
8784,66.62,-3.56,58.13,-1.250,-12.540,-8.150
8796,65.31,-3.25,57.62,-2.240,-12.280,-5.430
8833,61.37,-2.31,55.56,-1.040,-9.750,-3.430
8845,60.56,-2.31,55.12,-1.670,-7.250,-4.780
8859,59.44,-2.37,55.12,-0.970,-6.730,-3.430
8871,58.31,-2.44,55.38,0.210,-5.230,-1.260
8884,56.00,-2.56,56.37,-0.220,-4.840,0.730
8896,54.88,-2.62,57.19,0.130,-5.030,2.420
8910,53.69,-2.69,58.13,1.230,-5.430,4.060
8922,52.44,-2.87,59.13,2.730,-6.800,8.270
8935,50.00,-3.62,61.44,2.570,-7.150,9.660
8947,48.69,-4.12,62.69,2.470,-7.400,10.930
8961,47.31,-4.62,64.06,4.370,-7.600,13.580
8973,44.25,-6.00,67.00,8.110,-9.130,17.710
8985,42.75,-6.75,68.50,11.270,-10.800,22.550
8997,41.44,-7.62,69.94,12.940,-11.590,24.800
9011,40.50,-8.38,71.19,13.530,-12.190,26.460
9023,39.69,-9.31,72.37,13.810,-11.110,26.190
9036,39.94,-9.44,72.37,13.680,-10.560,25.210
9048,40.56,-9.25,72.00,12.780,-10.090,23.820
9061,41.56,-8.94,71.31,10.150,-8.740,20.250
9074,44.38,-8.25,69.37,7.670,-6.720,16.160
9086,45.94,-7.87,68.31,6.560,-5.880,14.190
9098,47.56,-7.62,67.25,4.730,-4.650,10.900
9111,49.25,-7.44,66.25,3.400,-4.090,9.540
9124,52.50,-7.00,64.69,1.590,-3.970,7.120
9136,54.13,-6.81,64.06,1.480,-3.820,6.480
9148,55.69,-6.62,63.50,1.590,-3.720,5.660
9162,57.31,-6.44,63.00,1.470,-4.010,4.920
9174,60.63,-6.06,62.38,0.770,-5.050,2.200
9186,62.38,-5.81,62.13,0.220,-5.370,0.850
9198,64.06,-5.44,62.00,-0.320,-6.180,-0.160
9212,65.75,-5.06,61.88,-1.860,-8.260,-1.500
9224,68.37,-4.37,62.00,-2.080,-10.440,-2.330
9236,69.31,-4.25,62.13,1.140,-12.430,-2.860
9248,70.06,-4.25,62.38,3.940,-14.200,-2.920
9262,70.94,-4.37,62.69,0.180,-16.020,-4.100
9275,73.37,-4.19,62.75,-4.260,-15.170,-12.190
9287,76.00,-4.44,62.81,-5.820,-17.280,-12.790
9299,78.19,-3.94,63.06,-9.460,-20.330,-11.020
9312,79.06,-2.87,63.13,-9.380,-25.270,-9.350
9325,77.94,-1.62,63.87,-11.020,-27.050,-9.770
9337,76.75,-2.12,64.19,-10.800,-25.530,-10.770
9349,76.25,-3.50,64.12,-9.040,-19.570,-11.990
9363,76.19,-5.06,63.94,-7.270,-17.450,-11.490
9375,74.19,-6.00,63.56,-3.680,-14.200,-10.450
9387,72.62,-5.56,63.25,-3.710,-13.860,-10.360
9399,70.75,-4.87,63.00,-3.050,-13.290,-9.600
9413,69.06,-4.37,62.62,-1.670,-12.380,-7.940
9426,66.06,-3.62,61.81,0.700,-9.630,-6.350
9438,64.87,-3.37,61.75,0.920,-8.820,-5.910
9450,63.87,-3.06,61.75,0.620,-8.350,-5.510
9463,62.94,-2.75,61.81,-0.310,-7.740,-4.300
9476,60.94,-1.94,62.19,0.300,-6.300,-2.010
9488,59.88,-1.50,62.50,1.190,-4.910,0.530
9500,58.75,-1.12,63.06,1.170,-5.250,1.610
9513,57.50,-0.88,63.75,1.870,-5.230,2.680
9526,54.88,-0.81,65.75,3.590,-7.990,7.420
9538,53.38,-1.00,67.00,5.090,-9.030,9.540
9550,51.81,-1.37,68.31,5.830,-9.700,11.900
9563,50.31,-1.81,69.69,5.980,-10.820,16.580
9576,46.88,-2.94,72.37,10.380,-12.040,22.170
9588,45.00,-3.69,73.56,13.250,-12.350,24.880
9600,43.25,-4.56,74.56,17.460,-12.370,28.050
9614,41.88,-5.44,75.31,17.700,-11.930,28.750
9626,40.81,-6.50,75.62,16.350,-10.230,26.600
9638,41.13,-6.50,75.12,14.950,-9.820,24.850
9650,41.94,-6.25,74.31,13.280,-9.340,22.800
9664,43.13,-5.75,73.12,11.340,-8.640,20.530
9677,46.00,-4.94,70.50,7.310,-6.210,13.910
9689,47.50,-4.62,69.19,5.840,-5.150,11.870
9701,49.06,-4.44,67.94,4.750,-4.220,10.240
9714,50.63,-4.31,66.87,4.610,-3.300,8.100
9727,53.94,-3.94,65.00,2.510,-4.460,6.970
9739,55.69,-3.81,64.19,2.760,-5.270,5.920
9751,57.44,-3.56,63.44,2.620,-5.890,4.850
9764,59.25,-3.44,62.69,0.690,-6.570,3.680
9777,62.69,-3.19,61.19,-2.310,-6.560,-0.450
9789,64.00,-3.06,60.50,-2.320,-5.440,-2.420
9801,65.12,-2.75,59.88,-2.830,-5.560,-4.030
9838,68.94,-1.25,60.31,0.350,-14.990,-5.910
9850,70.06,-1.31,60.88,-4.020,-19.510,-9.590
9864,71.50,-1.62,61.13,-6.000,-21.040,-10.970
9876,74.00,-2.62,61.19,-10.550,-24.710,-12.590
9889,77.87,-2.94,61.75,-10.710,-26.720,-12.910
9901,77.94,-2.31,61.75,-11.760,-27.510,-12.020
9915,76.62,-1.62,62.13,-12.050,-27.420,-12.360
9927,72.87,-2.50,62.88,-7.960,-18.880,-13.110
9940,72.37,-4.31,62.81,-5.750,-16.510,-12.340
9952,72.31,-6.12,62.56,-2.840,-13.490,-10.670
9965,71.94,-7.12,62.25,-2.530,-12.100,-10.690
9978,69.75,-6.81,61.56,-0.480,-11.980,-8.590
9990,68.37,-6.12,61.06,-0.510,-10.980,-4.860
10002,66.31,-5.00,60.00,-1.570,-8.800,-10.660
10015,64.19,-3.81,59.50,-1.120,-8.280,-6.910
10028,61.44,-2.94,59.88,1.690,-6.920,-3.150
10040,60.38,-2.62,60.31,1.720,-6.890,-1.830
10052,59.44,-2.37,60.88,1.140,-6.960,-0.780
10066,58.44,-2.12,61.50,1.650,-6.520,0.990
10078,56.37,-1.69,62.94,2.420,-6.170,3.280
10090,55.44,-1.69,63.87,3.000,-5.630,4.310
10102,54.44,-1.69,64.87,3.250,-6.340,7.100
10116,53.31,-1.69,66.06,3.630,-7.060,8.790
10128,50.75,-2.00,68.75,6.420,-10.000,16.460
10141,49.31,-2.31,70.25,6.590,-11.190,18.380
10153,48.00,-2.87,71.81,7.210,-12.750,20.530
10166,46.63,-3.56,73.31,8.690,-14.340,23.130
10179,43.81,-5.06,75.62,15.390,-14.550,29.130
10191,42.88,-5.75,76.19,16.940,-13.500,30.010
10203,42.44,-6.31,76.31,16.580,-11.510,28.940
10216,42.56,-6.56,76.00,14.730,-10.430,26.830
10229,44.31,-6.12,73.87,12.090,-8.420,21.980
10241,45.75,-5.62,72.37,8.370,-6.070,16.270
10253,47.38,-5.06,70.81,6.210,-5.420,14.150
10267,49.19,-4.50,69.19,4.810,-4.850,12.640
10279,52.50,-3.75,66.31,1.790,-4.070,9.320
10291,54.00,-3.50,65.12,0.330,-3.940,8.510
10303,55.38,-3.50,64.12,0.970,-3.830,8.200
10317,56.63,-3.75,63.19,4.110,-4.090,8.280
10329,59.13,-3.94,61.56,0.130,-5.140,5.280
10341,60.50,-4.00,60.69,0.170,-5.360,4.400
10353,61.81,-3.94,59.81,1.550,-4.920,1.950
10367,63.06,-3.69,58.94,0.410,-4.790,-0.450
10379,65.44,-3.00,57.62,-0.980,-8.700,-3.810
10392,66.25,-2.87,57.38,-1.470,-10.350,-4.940
10404,66.62,-2.87,57.31,2.710,-10.650,-4.910
10417,66.69,-2.81,57.50,7.820,-10.580,-3.170
10430,66.12,-1.19,58.94,-7.590,-17.140,-15.090
10442,67.44,-1.31,59.50,-10.380,-18.960,-16.020
10454,70.69,-1.94,59.38,-12.390,-25.000,-13.380
10467,73.69,-2.25,59.25,-13.610,-28.850,-11.500
10480,74.94,-1.19,59.88,-14.540,-29.450,-10.320
10492,73.56,-1.19,60.44,-13.590,-23.990,-11.610
10504,72.62,-2.62,60.69,-11.850,-20.760,-12.200
10518,71.50,-4.19,60.88,-7.750,-17.430,-12.650
10530,71.75,-7.94,60.50,-4.130,-12.120,-10.760
10542,71.31,-8.38,60.25,-2.400,-11.660,-10.420
10554,70.12,-7.87,60.12,-1.430,-11.820,-8.980
10568,68.56,-6.87,60.06,-2.190,-12.260,-4.800
10581,65.12,-4.81,59.19,-1.330,-10.750,-7.800
10593,64.00,-4.75,59.31,0.340,-9.680,-5.250
10605,62.81,-4.94,59.75,1.440,-7.840,-3.710
10618,62.13,-5.44,60.19,0.100,-6.410,-3.440
10631,60.19,-5.31,61.44,3.020,-6.590,0.870
10643,59.38,-4.94,62.19,2.250,-6.740,2.150
10655,58.63,-4.50,63.06,1.170,-7.180,3.370
10668,57.94,-4.19,64.00,1.530,-7.440,4.440
10681,56.13,-3.94,66.31,2.690,-9.130,8.490
10693,55.12,-4.00,67.69,3.140,-9.550,9.790
10705,53.94,-4.19,69.19,5.550,-10.880,14.200
10718,52.69,-4.44,70.75,6.490,-11.640,16.810
10731,50.06,-5.19,74.00,7.710,-12.640,22.300
10743,48.87,-5.75,75.44,9.250,-13.200,26.480
10755,47.81,-6.31,76.62,10.030,-13.110,27.690
10769,46.94,-6.87,77.44,11.480,-12.920,28.890
10781,45.94,-7.75,78.12,12.640,-11.760,28.830
10793,46.06,-8.00,77.87,11.800,-10.820,27.100
10805,46.63,-8.13,77.19,10.570,-10.050,24.980
10842,51.69,-7.12,71.50,4.700,-5.370,12.980
10854,53.13,-6.81,69.94,4.320,-4.420,10.650
10868,54.56,-6.62,68.56,4.550,-4.000,9.900
10880,55.94,-6.56,67.31,3.990,-3.270,7.280
10893,58.87,-6.69,65.50,3.710,-3.300,6.510
10905,60.56,-6.62,64.75,3.250,-3.350,5.370
10919,62.44,-6.50,64.00,2.560,-3.580,4.130
10931,64.44,-6.12,63.25,-0.620,-6.020,0.210
10944,68.69,-4.87,61.56,0.110,-6.220,-0.800
10956,70.69,-4.12,60.81,2.650,-6.980,-2.350
10970,72.56,-3.37,60.19,2.690,-7.860,-3.290
10982,76.12,-2.62,59.88,1.890,-9.860,-5.810
10994,77.87,-2.44,59.94,-0.670,-13.670,-8.440
11006,79.69,-2.12,60.12,-1.440,-15.950,-9.340
11020,81.44,-1.56,60.12,-3.740,-18.380,-10.590
11032,83.94,0.37,60.06,-6.100,-24.770,-14.060
11045,85.06,0.62,60.19,-8.540,-28.430,-13.320
11057,86.06,0.19,60.56,-9.410,-29.210,-12.630
11070,85.94,-0.19,61.25,-10.500,-28.950,-14.130
11083,84.00,-2.37,63.31,-10.190,-25.620,-13.410
11095,82.37,-3.37,63.87,-6.960,-21.150,-13.630
11107,81.44,-4.37,63.81,-3.400,-16.080,-12.260
11120,80.56,-5.00,63.63,-1.920,-15.020,-11.680
11133,77.87,-4.50,62.69,-0.950,-11.680,-11.410
11145,76.06,-3.56,62.13,-0.230,-11.870,-9.690
11157,74.00,-2.50,62.00,1.700,-11.220,-8.590
11170,72.56,-1.87,61.75,-0.790,-10.290,-10.600
11183,70.19,-1.37,61.50,2.600,-7.530,-5.650
11195,69.25,-1.31,61.63,0.850,-6.480,-5.220
11207,68.06,-0.88,61.94,2.020,-5.830,-2.990
11221,66.81,-0.25,62.38,2.670,-5.970,-1.760
11233,64.12,1.00,63.69,3.190,-6.690,0.730
11245,62.62,1.37,64.69,4.630,-7.660,4.010
11257,60.94,1.56,66.06,5.170,-8.390,6.130
11271,59.19,1.62,67.44,5.890,-9.290,8.880
11283,55.38,1.44,70.69,10.020,-11.700,18.690
11296,53.25,1.06,72.44,12.000,-12.190,22.180
11308,51.06,0.13,74.25,13.850,-12.230,25.130
11321,48.81,-0.75,76.00,17.410,-12.010,29.960
11334,46.06,-2.25,77.94,19.930,-12.170,33.990
11346,45.69,-2.56,77.94,20.150,-11.860,34.200
11358,45.94,-2.50,77.31,18.080,-10.910,30.550
11371,46.69,-2.25,76.19,16.060,-10.160,27.250
11384,49.25,-1.50,73.06,10.770,-6.680,16.460
11396,50.88,-1.06,71.37,9.930,-5.620,13.860
11408,52.56,-0.75,69.81,9.160,-4.540,11.870
11422,54.44,-0.50,68.44,8.450,-4.040,10.550
11434,58.25,-0.50,66.31,5.190,-3.950,7.840
11446,60.12,-0.62,65.44,4.810,-4.280,7.370
11458,61.94,-0.81,64.69,4.540,-4.980,5.890
11472,63.81,-1.00,63.87,4.150,-5.430,4.920
11485,67.62,-1.31,62.13,1.910,-5.890,2.130
11497,69.50,-1.25,61.19,1.020,-4.750,-0.620
11509,71.31,-1.06,60.19,0.660,-4.490,-1.840
11522,73.06,-0.75,59.38,0.000,-5.050,-2.970
11535,75.87,-0.13,58.44,4.260,-9.690,-4.420
11547,77.06,-0.06,58.38,6.680,-11.690,-4.950
11559,78.44,-0.13,58.56,3.800,-14.180,-7.110
11572,79.56,0.13,58.87,-3.830,-19.910,-12.610
11585,82.81,1.00,58.75,-11.420,-25.560,-16.230
11597,85.69,0.13,58.56,-13.530,-27.570,-17.360
11609,87.12,-0.81,59.88,-15.100,-30.230,-12.280
11622,86.44,-1.06,60.75,-11.800,-31.890,-14.700
11635,82.06,-2.37,62.56,-10.220,-21.020,-14.710
11647,80.19,-3.56,63.06,-7.320,-16.670,-14.640
11659,80.00,-5.25,63.00,-5.010,-13.850,-13.890
11673,80.62,-6.75,62.69,-3.640,-12.750,-12.990
11686,78.44,-6.87,62.13,-1.250,-13.150,-11.240
11698,76.56,-6.00,61.88,-0.360,-12.060,-9.510
11710,74.00,-4.37,61.81,0.930,-10.110,-9.330
11723,71.44,-2.75,61.88,0.250,-8.430,-11.000
11736,69.06,-1.94,62.44,2.190,-7.470,-7.400
11748,68.06,-1.62,62.94,1.710,-7.280,-6.480
11760,67.31,-1.37,63.44,1.830,-6.560,-7.510
11773,65.75,-0.56,63.56,2.550,-8.410,-0.410
11786,61.63,1.06,65.75,5.000,-9.810,1.460
11798,60.06,1.25,67.00,5.420,-10.400,2.850
11810,58.44,1.44,68.37,6.510,-9.980,4.540
11847,51.13,0.37,74.62,10.140,-13.930,18.660
11859,49.19,-0.31,76.12,10.900,-13.750,20.420
11873,47.25,-1.12,77.37,12.260,-13.550,22.450
11885,45.44,-1.94,78.44,16.400,-12.270,28.810
11898,42.44,-3.69,79.81,17.290,-11.820,30.020
11910,41.44,-4.56,80.06,17.990,-10.930,30.030
11924,40.94,-5.31,80.06,18.230,-10.040,28.690
11936,41.69,-6.06,79.00,14.500,-8.570,21.920
11949,42.69,-6.06,78.00,13.440,-8.520,19.650
11961,44.06,-5.94,76.81,10.490,-7.190,14.760
11974,45.69,-5.81,75.50,9.130,-6.470,12.460
11987,49.06,-5.69,73.00,7.090,-4.590,8.590
11999,50.81,-5.69,71.94,5.130,-3.920,5.670
12011,52.62,-5.75,71.06,3.540,-4.360,4.660
12024,54.56,-5.94,70.31,2.570,-4.690,3.930
12037,58.13,-6.06,69.00,1.130,-6.020,2.270
12049,59.81,-6.06,68.37,0.910,-6.330,1.560
12061,61.56,-6.06,67.81,0.910,-5.930,0.560
12075,63.38,-6.12,67.25,-0.470,-6.050,-2.280
12087,66.62,-6.19,66.75,-0.790,-6.760,-4.410
12099,67.62,-6.12,66.87,2.060,-9.860,-4.110
12111,68.50,-5.94,67.12,1.420,-12.560,-4.270
12125,69.37,-5.75,67.31,1.070,-13.570,-4.700
12137,72.62,-5.50,67.00,-5.530,-18.600,-12.150
12149,74.94,-5.19,66.56,-7.670,-18.910,-13.880
12161,77.12,-4.62,66.12,-7.940,-18.530,-14.410
12175,79.00,-4.00,65.69,-8.500,-19.510,-14.870
12188,81.00,-3.50,65.69,-8.900,-25.020,-9.810
12200,80.50,-3.69,65.94,-9.560,-24.420,-10.630
12212,79.44,-4.12,66.19,-9.530,-20.610,-12.950
12225,78.62,-5.00,66.31,-8.410,-18.450,-12.790
12238,78.37,-7.12,66.31,-5.600,-15.510,-9.470
12250,77.56,-7.56,66.19,-3.770,-13.930,-9.210
12262,76.31,-7.75,66.00,-2.980,-13.280,-8.300
12276,74.62,-7.62,65.81,-2.160,-13.050,-8.240
12288,71.69,-8.06,65.75,-0.640,-11.010,-6.990
12300,70.75,-8.50,65.69,-0.230,-10.420,-6.890
12312,70.12,-8.94,65.69,0.280,-9.910,-5.400
12326,69.06,-8.81,65.69,0.760,-9.650,-5.500
12339,66.94,-8.31,65.75,0.300,-9.610,-3.860
12351,65.62,-7.94,65.75,-0.030,-7.750,-2.560
12363,63.87,-7.25,65.69,-0.180,-6.740,-2.050
12376,61.37,-6.06,65.56,-0.700,-5.980,-3.590
12389,58.25,-4.87,66.75,2.160,-7.460,3.840
12401,57.44,-4.75,67.56,2.490,-8.250,5.160
12413,57.13,-5.00,68.44,1.610,-8.560,5.980
12426,56.75,-5.19,69.37,0.670,-9.340,7.480
12439,54.50,-5.25,71.12,2.670,-10.150,11.030
12451,52.75,-5.25,72.12,3.300,-10.390,12.660
12463,51.00,-5.50,73.19,6.110,-10.790,17.470
12476,49.56,-6.00,74.44,7.280,-11.610,20.380
12489,46.75,-7.44,76.62,10.890,-12.820,25.790
12501,45.63,-8.19,77.37,12.660,-12.700,27.210
12513,44.94,-8.75,77.69,13.170,-12.340,27.210
12527,44.69,-9.06,77.50,13.380,-11.460,26.360
12539,45.75,-9.00,76.00,9.740,-7.940,19.970
12551,46.81,-8.69,74.87,8.480,-6.680,17.550
12563,48.13,-8.38,73.75,7.140,-5.590,15.570
12577,49.44,-8.13,72.62,6.050,-3.710,12.460
12589,52.50,-7.56,70.75,4.590,-3.520,10.190
12602,54.13,-7.37,70.00,3.090,-3.960,8.780
12614,55.88,-7.25,69.44,2.890,-4.520,8.190
12627,57.44,-7.06,68.81,2.210,-4.980,7.500
12640,60.75,-6.75,67.56,0.880,-4.190,4.130
12652,62.56,-6.50,66.94,0.160,-4.020,2.590
12664,64.44,-6.19,66.31,-0.240,-4.040,0.860
12677,66.31,-5.87,65.87,-0.730,-4.290,-0.700
12690,68.94,-5.25,65.94,4.290,-11.130,1.020
12702,69.94,-5.06,66.12,1.780,-13.720,0.060
12714,71.56,-5.19,66.12,-2.240,-14.050,-3.100
12728,73.31,-5.25,65.75,-1.240,-12.240,-6.030
12740,76.94,-4.87,64.62,-6.060,-12.580,-12.540
12752,77.50,-4.31,64.56,-5.030,-17.670,-12.860
12764,77.00,-3.81,65.12,-3.630,-21.040,-10.250
12778,76.12,-3.62,65.94,-0.640,-22.920,-7.940
12790,75.56,-5.62,68.75,-14.710,-23.720,-12.870
12802,76.75,-6.81,68.62,-9.380,-20.720,-12.180
12814,78.81,-8.31,68.12,-8.600,-19.380,-11.290
12851,75.75,-9.75,67.00,-7.210,-13.250,-10.300
12863,73.25,-9.94,66.81,-4.920,-13.410,-10.560
12877,72.06,-9.94,66.69,-4.330,-13.620,-10.050
12889,71.44,-10.19,66.50,-2.550,-11.760,-8.120
12902,70.62,-10.38,65.81,-2.050,-11.260,-7.360
12914,70.00,-10.13,65.31,-2.780,-10.590,-7.190
12928,68.81,-9.56,64.94,-0.290,-8.680,-6.210
12940,67.37,-8.88,64.69,0.300,-7.780,-5.300
12953,64.75,-7.94,64.94,-0.430,-7.910,-5.130
12965,63.69,-7.75,65.37,-1.010,-7.470,-3.500
12979,62.56,-7.69,65.94,0.010,-6.820,-2.990
12991,59.81,-7.37,67.44,1.270,-7.190,-0.910
13003,58.38,-7.12,68.37,1.260,-9.590,1.120
13015,56.94,-7.06,69.44,2.050,-11.120,3.510
13029,55.44,-7.06,70.62,3.000,-11.740,6.000
13041,52.56,-7.44,73.06,3.820,-12.960,12.810
13054,51.00,-7.87,74.31,4.980,-13.140,14.950
13066,49.25,-8.50,75.56,5.960,-12.800,16.180
13079,47.50,-9.38,77.00,6.690,-13.990,19.810
13092,44.19,-11.31,79.75,8.800,-15.000,24.010
13104,42.81,-12.19,80.75,11.640,-15.380,28.570
13116,41.75,-12.94,81.50,13.060,-15.280,30.320
13129,41.06,-13.62,81.81,13.340,-14.310,30.250
13142,41.44,-14.50,81.25,11.480,-10.660,23.370
13154,42.44,-14.63,80.31,9.860,-9.290,19.970
13166,44.00,-14.44,79.00,7.890,-8.400,16.770
13180,45.88,-14.13,77.56,4.170,-6.930,11.820
13192,49.69,-13.38,74.56,3.130,-5.290,9.160
13204,51.50,-13.19,73.31,2.750,-4.990,8.660
13216,53.13,-13.13,72.37,1.970,-4.770,7.840
13230,54.69,-13.25,71.50,1.620,-5.100,7.320
13243,57.62,-13.50,69.94,0.740,-5.280,5.150
13255,59.19,-13.44,69.00,2.090,-4.240,2.640
13267,60.94,-13.19,68.06,0.800,-4.210,0.710
13280,62.75,-12.81,67.25,-0.470,-4.430,-0.850
13293,66.06,-12.19,66.44,-2.350,-6.290,-3.170
13305,67.37,-12.06,66.50,-2.540,-7.290,-3.610
13317,68.31,-12.13,66.69,-1.950,-8.290,-3.950
13330,69.12,-12.06,67.00,-0.240,-10.880,-4.600
13343,70.31,-11.63,67.31,4.580,-12.710,-4.010
13355,69.25,-11.38,67.62,-3.130,-15.750,-10.280
13367,69.19,-10.44,67.69,-7.530,-17.230,-11.730
13381,69.12,-9.50,67.75,-7.010,-16.560,-12.670
13393,70.44,-8.88,68.31,-11.660,-20.630,-10.880
13405,72.12,-9.38,68.69,-11.610,-21.940,-9.950
13417,73.69,-10.00,69.00,-10.840,-22.060,-10.040
13431,74.75,-11.00,69.19,-11.340,-19.660,-9.580
13443,74.37,-12.31,69.44,-7.620,-15.630,-9.840
13455,73.62,-12.81,69.44,-6.750,-14.510,-9.290
13467,72.75,-13.19,69.37,-5.740,-12.770,-9.800
13481,72.00,-13.38,69.25,-5.450,-12.350,-9.690
13493,70.50,-13.38,68.81,-2.910,-11.520,-7.980
13506,69.50,-13.19,68.69,-2.160,-11.530,-6.990
13518,68.44,-13.00,68.62,-1.580,-11.400,-6.100
13531,67.37,-12.88,68.62,-1.530,-11.040,-5.630
13544,65.31,-12.69,68.69,-0.900,-9.300,-5.000
13556,64.25,-12.56,68.81,-0.540,-8.980,-4.700
13568,63.25,-12.31,68.94,0.120,-8.280,-4.510
13581,62.38,-12.06,69.19,-1.020,-7.460,-5.070
13594,60.50,-11.63,70.19,-1.530,-7.040,-3.840
13606,59.50,-11.44,71.00,-0.170,-7.680,-0.500
13618,58.50,-11.19,71.94,0.190,-7.890,1.130
13632,57.62,-10.94,72.94,0.800,-8.580,2.910
13644,56.13,-10.19,74.75,1.250,-9.780,6.230
13656,55.38,-9.88,75.62,2.140,-10.720,7.940
13668,54.63,-9.56,76.50,2.930,-12.240,10.080
13682,54.00,-9.44,77.50,2.050,-15.100,13.580
13695,52.50,-9.63,79.56,1.910,-16.270,17.030
13707,51.44,-10.13,80.62,3.400,-16.530,19.260
13719,50.06,-10.88,81.69,7.420,-17.010,23.630
13732,48.75,-11.81,82.62,8.290,-17.100,25.210
13745,46.94,-13.50,83.50,9.210,-13.840,25.350
13757,46.75,-14.06,83.06,9.300,-11.900,24.310
13769,46.94,-14.31,82.19,9.450,-9.890,23.030
13782,47.56,-14.38,81.00,8.940,-8.280,21.170
13795,49.63,-14.31,78.25,4.900,-4.610,13.390
13807,51.00,-14.19,76.87,3.070,-4.020,11.400
13819,52.38,-14.06,75.62,1.740,-3.500,9.870
13856,57.13,-13.94,72.25,-1.460,-3.610,6.780
13868,58.06,-14.00,71.62,0.530,-3.030,6.420
13882,58.94,-13.94,70.94,3.120,-2.390,6.120
13894,59.88,-13.69,70.19,-0.730,-3.840,0.890
13907,62.62,-12.88,69.19,-2.120,-4.980,-0.580
13919,63.87,-12.56,68.94,-2.310,-5.470,-1.350
13933,64.94,-12.31,68.81,-2.820,-8.350,-2.880
13945,66.31,-12.13,68.87,-2.510,-11.070,-3.240
13958,66.69,-12.13,68.87,0.770,-10.380,-3.040
13970,67.19,-12.06,68.75,0.570,-11.870,-5.280
13983,67.75,-11.88,68.69,-1.830,-14.070,-7.320
13996,68.87,-10.44,68.56,-7.990,-17.710,-11.110
14008,69.87,-9.63,68.44,-9.010,-18.800,-11.700
14020,71.31,-8.94,68.31,-11.340,-20.900,-10.970
14033,73.19,-8.94,68.37,-12.440,-23.080,-10.440
14046,74.62,-10.19,68.94,-11.260,-22.590,-10.220
14058,73.87,-11.00,69.25,-10.900,-20.780,-10.840
14070,73.19,-11.88,69.44,-9.940,-18.670,-11.120
14084,72.87,-12.81,69.44,-8.510,-15.690,-10.520
14096,71.31,-13.19,68.94,-5.520,-14.750,-8.640
14108,70.37,-13.06,68.50,-4.280,-13.370,-8.560
14120,69.25,-12.81,68.06,-3.380,-12.600,-8.400
14134,68.19,-12.81,67.69,-3.160,-12.160,-8.390
14147,66.12,-13.25,67.37,-1.130,-10.150,-6.670
14159,64.81,-13.25,67.31,-0.780,-9.670,-6.230
14171,63.75,-13.00,67.25,-0.440,-9.390,-5.890
14184,62.62,-12.75,67.25,-0.190,-8.570,-4.780
14197,60.63,-12.13,67.31,-0.620,-7.740,-3.430
14209,59.63,-11.81,67.50,-0.860,-7.570,-2.780
14221,58.56,-11.63,67.94,0.290,-6.360,-1.210
14234,57.50,-11.38,68.31,0.180,-5.970,-0.880
14247,55.69,-10.81,69.81,1.420,-6.740,1.760
14259,54.81,-10.50,70.69,1.330,-7.740,2.970
14271,53.87,-10.19,71.56,1.080,-8.600,3.780
14285,52.81,-10.00,72.56,1.560,-8.850,5.030
14297,50.44,-10.19,74.62,3.660,-9.540,9.610
14309,49.13,-10.56,75.75,3.970,-9.840,10.850
14321,47.81,-11.12,77.00,4.820,-10.130,12.380
14335,46.56,-11.88,78.31,6.290,-10.810,14.820
14347,44.50,-13.50,80.87,5.130,-13.070,17.130
14359,43.75,-14.25,82.00,5.030,-15.850,20.090
14371,43.13,-14.87,82.88,5.290,-16.940,21.130
14385,42.81,-15.44,83.31,5.870,-17.610,21.700
14397,43.31,-16.00,83.00,5.110,-16.320,19.820
14410,44.13,-16.00,82.31,4.270,-15.160,18.460
14422,45.06,-15.94,81.25,3.810,-13.720,17.140
14435,46.13,-15.81,80.00,3.340,-10.530,14.740
14448,48.63,-15.44,77.44,1.750,-7.830,11.960
14460,49.94,-15.25,76.25,1.270,-7.020,11.090
14472,51.25,-15.06,75.19,0.400,-6.520,9.820
14485,52.56,-14.87,74.19,-0.190,-6.310,9.230
14498,55.25,-14.50,72.50,-1.160,-6.790,7.600
14510,56.56,-14.38,71.62,-1.980,-6.710,6.320
14522,57.75,-14.25,70.81,-2.240,-6.460,5.150
14536,58.81,-14.13,70.12,-1.620,-5.630,4.130
14548,60.94,-13.81,69.19,1.120,-3.870,1.720
14560,62.19,-13.56,69.12,2.470,-4.310,1.530
14572,63.81,-13.25,69.25,-0.240,-9.300,0.030
14586,65.56,-12.81,69.31,-4.060,-12.030,-1.380
14599,68.37,-11.81,68.81,-2.810,-12.640,-3.270
14611,69.50,-11.38,68.31,-2.870,-11.900,-6.620
14623,70.50,-10.88,67.94,-3.340,-12.600,-7.940
14636,71.19,-10.44,67.62,-2.680,-12.640,-8.870
14649,71.44,-9.44,67.75,-5.900,-15.020,-11.610
14661,71.50,-9.13,68.00,-7.790,-17.280,-12.860
14673,72.31,-9.38,68.12,-9.180,-19.320,-12.940
14686,73.62,-10.00,68.12,-12.880,-20.640,-13.100
14699,73.25,-10.44,67.81,-11.670,-18.800,-15.750
14711,72.44,-10.56,67.56,-11.750,-17.670,-15.810
14723,71.31,-10.56,67.37,-8.100,-15.090,-14.410
14737,70.37,-10.75,67.19,-7.610,-14.630,-13.900
14749,68.06,-10.88,66.81,-4.700,-12.620,-11.270
14761,66.62,-10.81,66.62,-4.270,-12.040,-10.520
14773,65.12,-10.75,66.50,-3.710,-11.840,-9.910
14787,63.56,-10.63,66.31,-3.780,-11.520,-9.320
14799,60.25,-10.38,66.12,-1.790,-9.130,-6.950
14811,58.50,-10.25,66.19,-1.180,-9.140,-5.620
14823,56.63,-10.19,66.37,0.320,-8.070,-3.330
14860,48.81,-10.44,68.19,3.300,-12.170,5.180
14872,46.75,-10.50,68.81,4.010,-12.990,7.260
14886,44.56,-10.88,69.44,4.690,-13.490,8.760
14898,42.31,-11.50,70.12,6.460,-13.300,12.970
14911,37.50,-13.75,72.19,6.530,-12.840,14.120
14923,35.00,-15.25,73.56,6.610,-13.000,15.110
14937,32.56,-16.81,75.00,8.660,-14.460,19.030
14949,30.12,-18.44,76.50,12.050,-15.180,22.940
14962,26.56,-20.94,78.81,11.980,-15.280,24.810
14974,25.62,-21.75,79.25,11.930,-15.250,25.180
14988,25.25,-22.25,79.25,11.630,-14.640,24.490
15000,26.19,-22.62,77.87,9.960,-10.570,19.160
15012,27.37,-22.50,76.81,8.580,-9.390,16.980
15024,28.94,-22.31,75.69,7.240,-8.200,14.860
15038,30.75,-22.06,74.44,6.140,-6.920,12.930
15050,34.63,-21.50,72.31,4.420,-3.380,8.210
15063,36.63,-21.12,71.50,3.780,-2.970,7.230
15075,38.75,-20.81,70.94,2.070,-3.940,6.320
15088,40.81,-20.50,70.56,1.070,-4.540,5.960
15101,44.88,-20.06,70.19,0.700,-5.200,4.890
15113,46.94,-19.94,70.00,1.040,-3.660,2.720
15125,49.13,-19.56,69.87,1.130,-2.750,1.230
15138,51.56,-18.87,69.75,0.100,-3.480,-0.010
15151,56.56,-16.87,69.75,-3.860,-8.540,-3.020
15163,58.75,-15.94,69.75,-4.380,-10.110,-4.100
15175,60.50,-15.25,69.94,-2.900,-11.530,-3.940
15189,61.88,-14.94,70.25,-2.250,-15.520,-4.250
15201,64.12,-15.38,70.94,-1.710,-14.750,-6.050
15213,64.87,-15.56,71.12,-2.200,-12.810,-9.100
15225,66.06,-15.44,71.25,-7.240,-13.470,-15.940
15239,67.87,-15.00,71.37,-11.210,-17.730,-18.200
15251,71.25,-13.75,71.37,-17.250,-25.800,-18.130
15263,71.19,-13.50,71.37,-17.800,-26.180,-18.150
15275,70.00,-13.88,71.50,-17.480,-24.020,-18.030
15289,68.19,-14.94,71.69,-14.290,-20.710,-17.630
15301,65.25,-17.94,72.31,-6.720,-13.570,-14.190
15314,64.56,-19.12,72.44,-5.740,-12.600,-13.660
15326,64.19,-19.94,72.37,-5.240,-10.750,-11.990
15339,62.94,-20.06,72.06,-2.850,-10.750,-10.890
15352,60.06,-20.00,71.44,-1.600,-8.700,-7.630
15364,58.38,-19.87,71.19,-2.160,-7.510,-7.740
15376,56.94,-19.94,71.25,-1.490,-6.920,-6.010
15389,55.50,-20.00,71.37,-0.750,-6.890,-4.540
15402,52.75,-19.87,71.87,0.960,-5.100,-2.040
15414,51.69,-19.56,72.25,0.680,-5.020,-1.560
15426,50.69,-19.19,72.75,0.360,-5.670,-0.950
15440,49.81,-18.62,73.44,0.000,-7.450,2.080
15452,47.75,-17.69,75.12,-0.350,-9.260,5.050
15464,46.44,-17.50,76.19,-0.200,-10.660,7.120
15476,45.00,-17.50,77.37,1.250,-12.930,11.850
15490,43.44,-17.75,78.69,1.280,-13.770,13.930
15502,40.38,-18.56,81.00,4.230,-14.380,19.590
15515,39.00,-18.87,81.81,6.030,-14.260,21.310
15527,37.81,-19.12,82.44,7.690,-14.290,22.520
15540,37.06,-19.19,82.94,8.510,-14.660,23.380
15553,36.75,-18.87,83.25,6.680,-16.680,23.410
15565,37.19,-18.62,82.94,6.210,-16.780,22.810
15577,37.88,-18.37,82.31,4.510,-14.970,19.310
15590,38.88,-18.06,81.31,3.670,-13.420,17.100
15603,41.37,-17.31,78.56,2.160,-10.360,13.190
15616,42.81,-16.94,77.00,1.370,-8.130,10.610
15628,44.19,-16.50,75.56,2.050,-7.250,9.950
15641,45.63,-16.12,74.25,2.210,-6.800,9.520
15654,48.63,-15.69,72.19,0.670,-7.200,8.370
15666,50.12,-15.56,71.44,-0.370,-7.490,7.880
15678,51.63,-15.56,70.62,-0.940,-7.560,7.240
15691,53.06,-15.56,69.87,-0.900,-6.540,5.090
15704,56.00,-15.50,68.31,-0.590,-5.510,2.580
15716,57.50,-15.31,67.69,-1.200,-5.970,1.690
15728,59.00,-15.06,67.12,-0.780,-6.120,-0.270
15741,60.44,-14.81,66.75,-1.000,-6.890,-1.360
15754,63.06,-14.50,66.69,-1.970,-9.350,-4.060
15766,64.19,-14.50,66.94,-2.860,-11.290,-4.570
15778,65.19,-14.50,67.25,-4.270,-13.470,-4.930
15791,65.94,-14.56,67.37,-3.540,-15.030,-5.050
15804,67.50,-14.44,66.75,-4.800,-13.820,-12.360
15816,68.31,-14.00,66.19,-5.360,-13.720,-14.630
15828,69.06,-13.00,65.62,-10.270,-17.300,-16.220
15865,66.00,-9.19,65.50,-9.490,-16.670,-13.900
15877,65.56,-10.06,65.62,-7.650,-14.550,-13.430
15891,65.62,-11.31,65.81,-6.000,-13.730,-12.390
15904,65.75,-13.06,66.06,-4.960,-12.320,-10.730
15916,65.00,-13.06,65.94,-4.420,-11.890,-11.120
15928,64.00,-12.81,65.81,-3.540,-11.330,-10.120
15942,62.75,-12.50,65.69,-2.320,-10.270,-8.960
15955,60.19,-12.13,65.75,-1.740,-9.300,-6.990
15967,58.81,-12.19,66.06,-1.670,-8.350,-6.080
15979,57.25,-12.31,66.69,0.160,-6.890,-3.550
15992,55.75,-12.50,67.44,0.070,-6.640,-2.220
16005,52.94,-12.69,69.44,0.840,-8.300,1.740
16017,51.56,-12.69,70.44,1.130,-9.280,3.570
16029,50.25,-12.56,71.56,1.000,-10.200,5.460
16042,48.94,-12.56,72.69,1.210,-11.420,7.310
16055,46.00,-12.81,75.06,2.210,-15.200,14.790
16067,44.50,-13.25,76.31,2.500,-15.970,16.590
16079,42.88,-13.81,77.56,4.860,-16.900,21.270
16093,41.19,-14.50,78.69,6.730,-16.770,23.370
16105,38.06,-16.00,80.69,9.920,-17.240,27.540
16117,36.94,-16.69,81.31,11.330,-17.040,29.390
16129,36.31,-17.25,81.50,10.910,-16.520,28.540
16143,36.25,-17.56,81.19,10.080,-15.510,26.650
16155,37.63,-17.69,79.06,7.290,-10.440,18.720
16168,38.88,-17.56,77.56,6.110,-8.610,16.180
16180,40.31,-17.44,76.00,5.720,-7.080,14.240
16193,41.94,-17.25,74.56,4.830,-4.920,11.400
16206,45.50,-17.00,72.25,2.010,-4.460,8.750
16218,47.38,-16.87,71.37,1.940,-4.630,8.300
16230,49.19,-16.81,70.69,1.990,-5.970,7.480
16243,51.00,-16.75,70.06,1.940,-6.530,6.800
16256,54.94,-16.69,68.81,-0.110,-7.330,2.790
16268,56.94,-16.56,68.12,-0.320,-6.870,1.260
16280,58.94,-16.44,67.44,-0.330,-5.990,-0.450
16294,61.00,-16.19,66.75,-0.080,-5.110,-1.910
16306,65.12,-15.25,66.12,-0.590,-7.900,-3.580
16318,67.19,-14.81,66.25,-2.730,-10.510,-3.870
16330,69.00,-14.50,66.50,-2.090,-12.340,-5.180
16344,70.44,-14.38,66.81,-0.050,-13.420,-5.800
16357,72.87,-14.56,67.25,-2.860,-16.430,-10.910
16369,74.06,-14.56,67.31,-7.380,-19.810,-15.460
16381,74.94,-14.19,67.19,-10.130,-20.450,-17.680
16394,75.19,-13.31,66.75,-11.640,-21.040,-18.760
16407,74.44,-10.94,65.94,-14.320,-23.170,-16.560
16419,73.62,-10.69,65.81,-12.050,-20.800,-15.450
16431,73.06,-11.50,65.81,-10.140,-17.590,-14.870
16444,72.50,-12.94,66.06,-5.500,-13.220,-13.170
16457,71.31,-15.50,66.87,-4.490,-12.580,-13.050
16469,71.00,-16.25,67.00,-5.790,-11.870,-12.630
16481,69.87,-16.19,66.87,-3.040,-10.010,-11.980
16494,68.69,-15.88,66.62,-2.440,-9.210,-10.870
16507,66.06,-15.31,66.62,-1.000,-6.800,-7.430
16519,64.75,-15.25,66.94,-1.270,-6.440,-6.640
16531,63.38,-15.13,67.44,-0.860,-6.240,-5.710
16545,62.00,-14.94,68.06,-0.590,-6.710,-4.610
16557,59.25,-14.31,69.50,0.600,-8.540,-0.550
16569,57.81,-13.88,70.19,1.750,-9.110,1.070
16581,56.37,-13.38,70.94,1.820,-11.100,4.120
16595,55.06,-12.94,71.81,1.730,-12.300,5.930
16608,52.19,-12.44,73.87,1.710,-14.510,9.420
16620,50.56,-12.50,75.12,2.540,-15.380,13.710
16632,48.69,-12.94,76.50,3.540,-15.430,15.810
16645,46.81,-13.50,77.87,4.920,-15.750,18.500
16658,43.00,-14.87,80.31,9.840,-16.020,27.490
16670,41.44,-15.50,81.25,10.650,-16.040,29.590
16682,40.19,-16.12,81.75,11.260,-15.740,30.760
16695,39.44,-16.62,81.87,11.720,-13.940,29.890
16708,39.38,-17.37,81.00,11.260,-11.950,26.230
16720,40.19,-17.50,80.06,8.780,-10.340,20.650
16732,41.50,-17.37,78.87,7.040,-9.490,17.650
16746,43.19,-17.19,77.44,5.640,-8.660,14.970
16758,47.06,-16.50,74.56,3.420,-6.630,9.690
16770,49.00,-16.31,73.25,2.990,-6.210,8.390
16782,50.88,-16.19,72.12,1.950,-5.780,7.030
16796,52.75,-16.19,71.25,0.690,-5.510,5.980
16809,56.31,-16.25,69.81,2.560,-4.210,4.340
16821,58.25,-16.19,69.31,1.450,-3.730,2.200
16833,60.38,-16.00,69.00,-3.670,-8.630,-1.000
16870,67.31,-15.81,68.44,-4.210,-9.190,-5.900
16882,68.50,-15.81,68.31,-1.460,-8.950,-5.650
16896,69.62,-15.50,68.06,1.230,-8.690,-5.590
16908,70.87,-15.00,67.87,-2.720,-14.810,-7.030
16921,73.25,-13.69,68.31,-2.760,-15.180,-9.460
16933,74.00,-13.31,68.69,-4.830,-16.630,-11.450
16947,75.50,-13.50,69.06,-9.710,-19.350,-15.320
16959,77.19,-13.31,69.31,-10.730,-19.660,-18.620
16971,77.37,-12.88,69.12,-12.980,-20.150,-17.530
16983,76.87,-12.37,69.00,-12.490,-18.780,-16.620
16997,75.56,-12.00,69.00,-10.050,-15.810,-15.350
17009,73.12,-13.00,69.44,-4.690,-10.840,-13.120
17021,72.56,-13.88,69.81,-4.130,-11.340,-11.440
17033,72.37,-14.56,70.19,-4.910,-11.410,-12.120
17047,71.37,-14.56,70.31,-3.760,-11.870,-12.380
17059,68.87,-14.19,70.31,-1.100,-8.600,-10.760
17072,67.50,-13.94,70.50,-0.790,-7.440,-10.230
17084,66.25,-13.81,71.06,-0.710,-6.070,-8.480
17097,64.87,-13.62,71.62,0.600,-6.020,-7.310
17110,62.13,-13.19,73.25,1.440,-6.980,-5.030
17122,60.94,-12.81,74.37,0.990,-7.740,-3.560
17134,59.63,-12.44,75.56,0.920,-8.240,-2.810
17147,58.31,-12.00,76.87,1.590,-8.900,-1.330
17160,55.75,-11.31,79.56,1.300,-13.030,3.640
17172,54.38,-11.00,80.94,0.770,-14.380,5.210
17184,52.75,-10.94,82.44,0.140,-15.340,6.640
17198,50.94,-11.06,83.94,2.200,-17.320,10.810
17210,46.88,-12.19,87.37,5.130,-18.680,15.700
17222,44.88,-13.00,89.13,7.920,-19.700,20.880
17234,43.06,-13.81,90.75,8.850,-20.540,23.280
17248,41.69,-14.56,92.06,9.710,-21.500,25.560
17260,40.25,-15.56,93.19,9.420,-22.030,26.940
17273,40.25,-15.88,92.88,9.130,-21.600,25.810
17285,40.75,-16.12,92.06,8.020,-20.270,23.960
17298,41.69,-16.19,90.81,7.050,-18.960,21.300
17311,44.38,-16.19,87.25,4.180,-12.920,13.170
17323,45.94,-16.12,85.44,3.570,-11.180,11.200
17335,47.50,-16.12,83.69,2.510,-8.800,8.460
17348,49.06,-16.12,82.12,2.440,-7.930,7.760
17361,52.44,-16.19,79.62,1.820,-7.220,6.410
17373,54.25,-16.25,78.56,-0.470,-8.130,4.860
17385,56.00,-16.31,77.56,-0.250,-8.140,4.110
17399,57.75,-16.37,76.56,-0.190,-7.670,2.670
17411,61.44,-16.19,74.62,-0.920,-5.790,-2.320
17423,63.25,-15.88,73.81,-0.440,-5.560,-3.850
17435,64.94,-15.50,73.12,-1.610,-6.890,-5.410
17449,66.37,-15.31,72.75,-3.420,-8.980,-6.720
17461,68.19,-15.56,72.44,-1.140,-10.030,-6.220
17473,68.94,-15.94,72.44,-1.460,-10.850,-7.850
17485,69.69,-16.19,72.31,-1.170,-11.020,-9.370
17499,70.44,-16.25,72.12,-2.340,-12.370,-10.270
17511,72.37,-16.19,71.44,-6.240,-13.890,-15.680
17524,73.12,-16.00,71.00,-8.620,-14.660,-17.540
17536,73.31,-15.88,70.69,-9.660,-15.590,-18.150
17549,72.69,-15.75,70.56,-10.840,-16.080,-19.130
17562,70.31,-16.12,70.75,-10.510,-14.770,-18.440
17574,69.69,-16.81,71.06,-9.020,-13.570,-16.710
17586,69.19,-17.44,71.37,-5.650,-11.470,-12.570
17599,68.50,-17.81,71.50,-4.890,-10.600,-12.150
17612,66.69,-17.87,71.44,-4.890,-9.640,-11.880
17624,65.44,-17.69,71.44,-4.100,-8.960,-11.860
17636,64.12,-17.44,71.50,-3.410,-8.630,-10.730
17650,62.75,-17.19,71.75,-2.340,-7.970,-9.310
17662,59.94,-16.44,72.56,-1.260,-7.120,-6.170
17674,58.50,-15.94,73.19,-0.710,-7.620,-4.580
17686,57.06,-15.50,73.94,-0.480,-8.450,-3.020
17700,55.56,-15.06,74.69,0.220,-9.610,-0.530
17712,52.38,-14.44,76.25,1.110,-9.750,1.420
17725,50.75,-14.19,77.12,1.360,-11.050,3.770
17737,49.06,-14.06,78.06,1.610,-11.700,5.560
17750,47.31,-14.00,79.12,2.940,-12.110,7.550
17763,43.69,-14.19,81.63,5.570,-14.490,13.930
17775,41.88,-14.56,83.00,6.450,-15.530,16.310
17787,40.19,-15.06,84.37,7.750,-16.200,18.390
17800,38.75,-15.56,85.69,7.430,-18.020,20.820
17813,36.63,-16.37,87.50,8.840,-19.320,24.340
17825,36.06,-16.69,87.81,9.510,-19.210,25.100
17837,35.88,-16.81,87.75,10.360,-17.870,24.550
17874,40.00,-16.44,84.75,5.010,-13.620,14.810
17886,41.69,-16.12,83.56,4.030,-13.050,13.000
17900,43.50,-15.94,82.37,2.700,-12.690,11.370
17912,45.31,-15.75,81.12,0.960,-10.390,7.170
17925,48.94,-15.69,78.69,-0.130,-9.820,5.930
17937,50.69,-15.69,77.56,-0.640,-9.290,4.990
17951,52.44,-15.75,76.50,0.920,-7.730,3.460
17963,56.13,-15.63,74.69,1.410,-7.240,1.310
17976,58.19,-15.44,74.00,-2.130,-9.710,-1.030
17988,60.12,-15.31,73.25,-3.090,-10.560,-1.830
18001,61.81,-15.25,72.56,-3.490,-11.190,-2.720
18014,64.12,-15.63,71.19,-1.570,-10.210,-4.860
18026,64.94,-16.00,70.62,-2.010,-9.890,-5.770
18038,65.62,-16.37,70.19,-0.870,-9.920,-6.160
18052,66.31,-16.62,69.75,0.160,-8.810,-8.510
18064,68.94,-16.62,68.94,-5.920,-12.750,-11.370
18076,70.00,-16.25,68.50,-7.110,-14.670,-12.670
18088,70.50,-15.69,67.94,-10.460,-16.760,-14.050
18102,70.06,-15.25,67.56,-12.150,-17.190,-15.220
18114,68.87,-16.06,67.31,-11.870,-15.460,-16.150
18126,68.94,-17.31,67.50,-9.830,-12.740,-15.210
18138,69.06,-18.56,67.81,-8.840,-11.850,-13.990
18152,68.37,-19.12,68.00,-8.450,-10.570,-13.310
18164,66.50,-19.06,67.87,-5.200,-9.470,-10.810
18177,65.37,-18.62,67.69,-5.420,-9.340,-11.320
18189,64.50,-18.31,67.62,-5.280,-9.470,-11.290
18202,63.75,-18.25,67.69,-3.980,-8.660,-9.690
18215,61.06,-18.06,68.31,-2.420,-7.930,-8.630
18227,59.69,-17.87,68.81,-0.750,-7.440,-6.800
18239,58.31,-17.56,69.44,-1.720,-8.150,-6.150
18252,57.06,-17.12,70.06,-1.750,-8.840,-5.570
18265,54.56,-16.25,71.44,-0.710,-7.600,-3.470
18277,53.31,-15.81,72.19,-1.570,-7.440,-3.350
18289,52.00,-15.44,73.19,-1.330,-7.330,-2.440
18303,50.69,-15.13,74.31,0.520,-7.670,0.200
18315,47.94,-14.69,77.06,0.860,-10.010,3.080
18327,46.63,-14.50,78.62,0.830,-11.600,4.700
18339,45.38,-14.25,80.19,0.680,-16.310,9.820
18353,44.13,-14.13,81.69,1.010,-18.520,12.660
18365,41.37,-14.25,84.13,4.790,-20.580,19.520
18378,39.81,-14.63,85.25,6.470,-20.630,21.300
18390,38.38,-15.19,86.31,7.950,-20.240,22.340
18403,37.13,-15.81,87.25,9.430,-19.880,23.500
18416,35.88,-16.44,88.31,11.110,-20.980,26.700
18428,36.25,-16.31,88.19,9.910,-21.280,26.200
18440,37.13,-16.06,87.50,8.130,-21.030,24.750
18453,38.31,-15.69,86.19,6.180,-18.260,19.680
18466,41.31,-15.13,82.50,4.670,-13.770,13.860
18478,42.88,-14.94,80.50,3.930,-8.360,8.690
18490,44.50,-14.87,78.62,3.580,-6.520,6.850
18504,46.13,-14.75,76.94,3.340,-5.560,6.050
18516,49.56,-14.50,74.31,3.800,-4.520,5.040
18528,51.44,-14.38,73.37,2.540,-4.780,3.670
18540,53.44,-14.31,72.62,1.610,-5.740,2.510
18554,55.44,-14.31,72.00,-0.110,-7.510,0.310
18566,59.06,-14.44,71.00,-1.010,-8.940,-1.890
18578,60.69,-14.63,70.56,-1.460,-9.220,-2.850
18590,62.06,-15.00,70.19,-1.510,-8.650,-5.850
18604,63.38,-15.31,69.87,-2.570,-9.320,-8.110
18616,65.37,-16.00,69.50,-2.100,-11.110,-11.310
18629,66.25,-16.19,69.44,-4.260,-12.930,-12.750
18641,67.50,-16.44,69.50,-6.810,-13.990,-13.640
18654,68.56,-16.50,69.44,-8.580,-15.460,-15.400
18667,68.94,-16.37,69.19,-11.600,-17.850,-17.340
18679,68.19,-16.44,69.00,-11.150,-17.000,-17.560
18691,67.50,-16.75,68.94,-10.870,-15.520,-17.490
18704,67.06,-17.37,68.94,-8.770,-12.370,-15.570
18717,66.69,-18.56,69.12,-5.370,-10.430,-12.310
18729,66.25,-18.62,69.06,-4.190,-9.800,-11.140
18741,65.69,-18.44,68.94,-4.040,-9.530,-10.620
18755,65.06,-18.06,68.81,-4.240,-9.470,-10.340
18767,63.31,-17.25,68.69,-2.370,-8.450,-8.750
18779,62.31,-16.87,68.81,-2.010,-7.890,-8.080
18791,61.25,-16.56,69.06,-2.020,-7.210,-6.960
18805,60.12,-16.19,69.44,-0.650,-6.430,-4.410
18817,58.06,-15.13,70.50,-0.680,-6.800,-2.230
18830,57.06,-14.50,71.19,-0.590,-7.210,-1.150
18842,56.00,-13.94,71.94,-0.150,-7.910,0.650
18879,51.44,-12.50,76.06,0.810,-13.140,8.590
18891,50.19,-12.25,77.19,0.990,-14.060,10.470
18905,48.94,-12.13,78.31,1.390,-14.590,12.110
18917,47.62,-12.06,79.37,3.880,-16.690,17.830
18930,45.00,-12.44,81.50,4.580,-17.490,19.510
18942,43.69,-12.88,82.37,7.090,-18.840,22.950
18956,42.44,-13.38,83.19,8.470,-19.620,24.610
18968,41.06,-14.31,83.69,7.930,-20.420,25.210
18980,41.00,-14.56,83.19,8.130,-18.220,23.620
18992,41.25,-14.69,82.12,8.150,-15.960,21.880
19006,41.88,-14.69,80.75,7.750,-13.690,19.760
19019,44.06,-14.56,77.50,5.070,-9.210,13.840
19031,45.44,-14.44,75.81,4.440,-8.240,11.860
19043,46.94,-14.44,74.25,2.920,-7.800,9.930
19056,48.50,-14.44,72.75,0.170,-7.640,7.620
19069,51.19,-14.81,70.06,0.890,-6.180,6.040
19081,52.38,-15.13,68.81,0.990,-5.620,5.320
19093,53.69,-15.50,67.75,0.700,-4.800,4.010
19106,55.12,-15.81,66.75,0.830,-4.160,3.000
19119,58.50,-15.81,64.87,-1.950,-5.950,-0.370
19131,60.50,-15.44,63.94,-2.840,-7.090,-1.770
19143,62.38,-14.94,63.00,-3.250,-7.870,-2.970
19156,63.94,-14.56,62.06,-2.630,-8.490,-3.530
19169,66.31,-14.44,60.94,-3.430,-11.670,-6.270
19181,67.19,-14.38,60.38,-3.440,-12.200,-7.360
19193,67.87,-13.88,59.75,-5.480,-11.950,-11.360
19207,69.06,-13.38,59.06,-8.100,-14.190,-11.200
19219,70.25,-11.38,58.19,-9.770,-18.740,-11.930
19231,69.44,-10.00,58.13,-12.160,-21.970,-12.360
19243,68.31,-9.13,58.31,-13.690,-22.360,-12.970
19257,67.44,-9.06,58.50,-13.960,-21.540,-13.110
19269,67.50,-11.38,58.38,-7.910,-15.920,-10.320
19282,67.69,-12.63,58.19,-6.820,-14.740,-9.090
19294,67.12,-13.13,58.00,-5.660,-13.890,-9.000
19307,65.69,-12.75,57.75,-4.410,-12.520,-9.500
19320,62.50,-11.56,57.38,-2.880,-10.720,-8.830
19332,61.25,-11.44,57.38,-2.070,-10.260,-7.970
19344,60.19,-11.56,57.50,-1.230,-9.270,-6.120
19357,59.25,-11.94,57.75,-0.820,-8.850,-5.240
19370,57.50,-12.81,58.56,0.130,-7.650,-3.230
19382,56.06,-12.63,59.13,0.770,-7.510,-2.200
19394,54.56,-12.37,59.81,0.200,-6.820,-1.290
19408,53.13,-12.19,60.56,0.650,-6.570,-0.430
19420,49.94,-12.19,62.75,1.350,-7.670,4.380
19432,48.31,-12.25,64.12,1.270,-9.400,6.430
19444,46.75,-12.37,65.56,0.750,-12.870,10.740
19458,45.12,-12.56,67.00,2.110,-13.770,12.900
19470,41.69,-13.25,69.56,4.310,-14.610,16.810
19483,40.00,-13.81,70.75,7.090,-14.450,20.930
19495,38.31,-14.56,71.87,8.000,-14.080,22.590
19508,36.69,-15.50,73.06,9.060,-13.810,23.930
19521,34.19,-17.31,74.94,10.950,-15.790,27.400
19533,33.63,-17.94,75.37,10.860,-15.900,27.210
19545,33.63,-18.19,75.31,10.340,-15.530,26.100
19558,34.13,-18.19,74.69,8.440,-13.960,22.200
19571,36.38,-17.81,72.31,6.390,-11.410,17.470
19583,37.81,-17.62,70.87,5.410,-9.740,15.100
19595,39.38,-17.56,69.50,3.530,-7.670,11.670
19609,41.00,-17.50,68.19,2.670,-6.980,10.270
19621,44.25,-17.62,65.94,2.120,-5.160,7.520
19633,45.88,-17.69,65.00,1.770,-4.820,6.660
19645,47.62,-17.81,64.25,0.760,-5.510,5.780
19659,49.44,-17.87,63.50,-0.560,-6.120,5.120
19672,53.06,-17.94,62.19,-0.950,-5.570,2.050
19684,54.88,-17.94,61.50,-1.100,-5.420,1.110
19696,56.63,-17.81,60.94,-1.430,-5.870,-0.610
19709,58.31,-17.81,60.50,-1.910,-6.420,-1.530
19722,61.19,-18.12,60.12,-2.740,-8.420,-2.350
19734,62.31,-18.44,60.12,-2.530,-10.060,-3.490
19746,63.44,-18.62,60.00,-3.550,-11.360,-4.010
19759,64.50,-18.56,59.69,-2.800,-10.310,-5.640
19772,66.81,-17.37,58.38,-7.700,-13.920,-11.570
19784,67.37,-16.19,58.00,-9.830,-16.600,-12.830
19796,67.19,-14.63,57.88,-12.770,-18.470,-14.230
19810,66.56,-13.31,58.13,-19.200,-24.200,-14.250
19822,66.75,-14.25,59.06,-17.160,-23.920,-12.720
19834,67.50,-16.06,59.31,-13.060,-17.380,-12.730
19846,68.31,-17.94,59.44,-11.610,-15.940,-11.390
19883,62.88,-16.19,58.13,-5.560,-11.980,-9.980
19895,61.25,-15.44,57.88,-4.460,-11.820,-9.270
19909,60.06,-15.19,57.88,-4.000,-11.540,-8.650
19921,59.25,-15.44,57.94,-1.850,-9.580,-6.530
19934,57.38,-15.81,58.38,-0.610,-8.460,-5.480
19946,55.88,-15.25,58.75,0.470,-6.750,-3.900
19960,54.31,-14.69,59.13,1.580,-6.240,-2.590
19972,51.25,-13.50,60.44,1.520,-6.260,-0.330
19985,49.69,-13.00,61.37,2.020,-7.260,1.920
19997,48.13,-12.63,62.50,1.920,-8.290,3.180
20010,46.44,-12.37,63.75,2.260,-9.110,4.820
20023,42.94,-12.37,66.44,3.550,-12.130,9.610
20035,41.13,-12.56,67.75,4.280,-13.100,11.480
20047,39.38,-12.75,69.06,5.150,-14.120,13.750
20061,37.63,-13.00,70.25,7.950,-15.930,19.450
20073,34.50,-13.94,72.37,10.040,-16.970,24.030
20085,33.19,-14.56,73.06,12.840,-16.780,26.380
20097,32.25,-15.19,73.50,13.300,-15.990,26.160
20111,31.81,-15.69,73.50,13.260,-15.250,25.510
20124,32.44,-15.81,72.44,11.510,-13.270,21.730
20136,33.38,-15.69,71.44,10.590,-12.450,19.950
20148,34.63,-15.50,70.25,9.890,-11.450,17.980
20161,36.06,-15.38,68.94,9.230,-10.340,16.090
20174,39.38,-15.19,66.31,6.330,-7.910,10.330
20186,41.19,-15.13,65.06,5.540,-7.490,9.120
20198,43.06,-15.06,63.81,4.360,-7.210,7.360
20211,45.00,-15.00,62.69,3.620,-7.140,6.670
20224,48.81,-15.19,60.63,2.340,-7.240,5.210
20236,50.69,-15.44,59.81,-0.090,-7.790,3.880
20248,52.31,-15.81,59.00,-0.140,-7.450,3.460
20262,53.87,-16.31,58.25,0.630,-6.880,3.050
20274,56.88,-17.50,57.00,-0.610,-6.650,-0.050
20286,58.31,-18.19,56.63,-1.300,-6.500,-1.320
20298,59.75,-18.87,56.31,-1.420,-6.750,-2.380
20312,61.06,-19.50,56.19,-3.780,-8.220,-5.530
20324,63.38,-20.62,56.31,-6.670,-9.920,-8.320
20336,64.37,-20.88,56.44,-10.230,-11.930,-10.420
20348,65.25,-20.88,56.44,-11.400,-12.190,-11.900
20362,66.44,-21.12,56.50,-12.690,-13.410,-12.550
20375,67.25,-21.06,56.44,-14.010,-15.640,-12.630
20387,66.75,-20.88,56.44,-14.230,-15.260,-12.010
20399,65.62,-20.62,56.50,-14.360,-15.120,-12.290
20412,64.62,-20.94,56.69,-14.470,-14.570,-12.540
20425,63.63,-22.87,57.44,-9.900,-9.220,-10.910
20437,62.88,-23.06,57.75,-8.870,-8.810,-9.510
20449,61.94,-22.69,58.00,-6.560,-9.760,-8.580
20462,61.00,-22.06,58.19,-6.630,-10.360,-8.190
20475,58.81,-20.69,58.81,-4.900,-10.540,-7.120
20487,57.62,-20.06,59.31,-3.020,-10.080,-5.260
20499,56.31,-19.50,60.00,-2.350,-9.990,-4.150
20513,55.00,-18.94,60.75,-1.940,-9.990,-3.340
20525,52.25,-17.81,62.38,-0.520,-11.710,-0.350
20537,50.88,-17.19,63.25,0.490,-12.360,1.120
20549,49.56,-16.62,64.00,0.700,-12.920,2.200
20563,48.19,-16.12,64.75,0.970,-13.820,4.320
20575,45.50,-15.44,66.25,1.760,-14.260,6.590
20588,44.25,-15.31,67.00,1.990,-14.700,8.890
20600,42.94,-15.31,67.69,2.250,-14.370,9.580
20613,41.75,-15.44,68.37,2.470,-14.070,10.200
20626,39.44,-16.00,69.62,2.810,-12.910,10.910
20638,38.38,-16.37,70.19,2.750,-12.700,11.320
20650,37.38,-16.94,70.75,2.850,-12.700,11.460
20663,36.38,-17.50,71.31,2.540,-12.800,11.620
20676,34.38,-19.00,72.00,2.630,-12.300,12.620
20688,33.44,-19.87,72.19,2.730,-11.670,12.600
20700,32.69,-20.69,72.25,3.830,-10.200,12.150
20714,32.06,-21.50,72.12,4.030,-9.710,11.850
20726,31.56,-22.87,71.75,3.340,-8.610,10.500
20738,31.69,-23.31,71.44,2.100,-7.920,8.880
20750,32.06,-23.69,71.00,1.480,-7.830,7.980
20764,32.63,-23.94,70.62,0.300,-7.670,6.890
20777,34.06,-24.19,69.69,-2.640,-7.820,4.280
20789,34.81,-24.25,69.19,-3.350,-7.830,3.690
20801,35.50,-24.37,68.81,-3.970,-7.730,2.920
20814,36.25,-24.50,68.44,-5.710,-7.670,1.370
20827,37.56,-24.63,67.87,-6.780,-7.890,0.580
20839,38.13,-24.69,67.62,-7.370,-8.190,0.330
20851,38.63,-24.69,67.37,-7.450,-8.310,0.440
20888,39.38,-25.25,66.75,-6.040,-7.490,1.310
