60
229352,36.75,-12.56,60.50,-1.680,-8.850,5.240
229364,36.38,-12.69,60.44,-3.340,-10.310,6.210
229377,36.13,-13.13,60.44,-3.280,-10.470,5.400
229389,36.06,-13.56,60.69,-4.530,-12.090,6.890
229403,36.00,-14.00,60.94,-4.150,-12.220,12.460
229415,35.50,-14.56,60.44,-4.720,-13.010,10.560
229427,35.19,-15.00,59.88,-4.350,-12.130,10.460
229439,34.81,-15.56,59.19,-5.090,-11.710,10.050
229453,34.50,-16.37,58.56,-4.330,-11.300,9.630
229465,33.94,-18.56,57.56,-4.460,-10.300,9.520
229477,33.63,-19.75,57.06,-4.200,-10.230,8.740
229489,33.25,-21.00,56.69,-3.550,-9.000,8.280
229503,32.88,-22.13,56.19,-3.510,-7.640,8.150
229515,31.94,-24.25,54.69,-6.160,-9.140,8.610
229527,31.44,-25.81,53.87,-9.150,-6.630,2.040
229539,30.44,-28.25,52.31,-3.630,-7.750,8.420
229553,29.37,-30.31,50.88,-10.030,-6.740,6.290
229565,26.56,-35.81,48.38,-11.870,-4.760,4.230
229577,24.63,-39.94,45.94,-8.870,-6.530,6.130
229589,23.12,-43.75,43.87,-9.770,-5.910,3.940
229603,21.56,-47.56,42.75,-8.270,-3.380,2.900
229615,19.06,-54.38,41.44,-7.490,-3.650,0.950
229627,17.50,-57.19,40.31,-9.080,-3.370,1.640
229639,15.63,-60.31,39.44,-8.340,-2.760,1.890
229653,13.69,-63.87,39.13,-6.510,-2.090,0.270
229665,9.44,-71.19,39.19,-5.300,-1.810,-1.000
229677,7.12,-74.44,39.25,-4.130,-1.800,-1.460
229689,4.69,-77.12,38.44,-3.710,-0.910,-0.920
229703,2.19,-79.31,35.94,-3.880,-1.110,-0.200
229715,358.00,-82.31,26.00,-3.970,-1.360,1.120
229728,356.25,-83.37,2.06,-3.730,-1.350,0.820
229740,354.75,-84.13,1.00,-3.510,-1.320,0.400
229754,353.50,-84.44,0.06,-3.390,-1.620,0.370
229766,351.69,-83.25,-1.44,-5.510,-1.800,0.970
229778,350.94,-82.19,-15.81,-6.670,-1.870,1.390
229790,350.31,-81.06,-17.87,-7.010,-1.620,1.730
229804,349.75,-80.19,-19.62,-8.020,-1.860,0.700
229816,348.75,-79.06,-22.56,-9.150,-1.220,1.340
229828,348.19,-78.69,-24.56,-8.880,0.020,0.960
229840,347.63,-78.44,-27.00,-8.990,-0.200,1.940
229854,347.19,-78.12,-29.12,-9.990,-0.160,1.680
229866,346.50,-78.06,-32.81,-11.230,-1.810,1.130
229878,346.25,-78.44,-34.44,-10.690,-0.510,1.020
229890,345.69,-78.75,-37.19,-10.430,0.410,0.880
229904,345.06,-79.12,-40.25,-8.730,0.940,0.730
229916,344.06,-79.69,-44.13,-5.570,0.750,2.950
229928,344.31,-80.44,-43.31,-9.320,-0.560,3.330
229940,344.50,-80.75,-42.56,-8.560,0.570,2.640
229954,344.87,-80.81,-40.50,-9.180,-0.440,1.590
229966,345.50,-80.25,-33.69,-9.330,0.460,4.110
229979,345.75,-80.19,-29.69,-8.790,0.550,4.280
229991,346.00,-80.19,-27.37,-8.730,0.300,3.050
230005,346.19,-80.25,-25.69,-9.030,0.730,2.500
230017,346.50,-81.12,-24.69,-8.360,1.860,0.090
230029,346.50,-81.87,-24.87,-10.280,1.920,0.910
230041,346.50,-82.81,-26.44,-11.200,1.420,1.500
230055,346.44,-84.00,-3.00,-10.770,0.170,1.230
230067,345.94,-86.56,-2.62,-10.820,0.890,0.870
230079,345.63,-87.31,-2.56,-8.620,0.170,-0.260
230091,345.25,-87.25,-2.69,-11.030,0.130,-0.710
230105,344.62,-86.87,-176.87,-11.350,1.570,0.000
230117,343.50,-86.63,-3.31,-9.450,1.660,-0.210
230129,342.87,-86.44,-3.50,-11.670,-0.020,1.290
230141,342.13,-86.06,-3.81,-13.360,1.610,-0.450
230155,341.44,-85.94,-175.94,-11.670,1.640,-1.990
230167,340.50,-85.38,-176.12,-11.240,0.860,-0.790
230179,339.69,-84.62,-175.94,-15.190,-4.490,6.910
230191,338.31,-82.94,-137.88,-6.730,0.870,-1.750
230205,338.06,-82.69,-142.62,-9.680,0.810,1.120
230217,337.69,-82.44,-142.19,-6.860,-0.260,-1.130
230256,338.12,-81.37,-157.44,-9.900,1.320,-0.270
230268,338.44,-80.38,-162.94,-9.360,2.280,-2.100
230280,339.12,-79.56,-166.69,-9.160,1.860,-3.100
230292,339.94,-78.69,-169.69,-8.760,-0.650,-3.260
230306,340.37,-77.87,-171.81,-9.160,1.710,-1.250
230318,340.81,-76.75,-176.06,-9.990,-0.390,-1.830
230330,340.69,-76.50,-178.12,-10.160,0.660,-5.320
230342,341.00,-76.37,178.87,-9.950,-0.710,-7.500
230356,340.44,-76.56,177.50,-10.020,2.320,-0.830
230368,338.37,-75.87,176.50,-11.180,0.200,-1.010
230380,337.00,-75.62,176.94,-10.710,0.540,-0.880
230392,335.81,-75.81,176.75,-9.290,0.600,-1.170
230406,335.00,-76.37,175.44,-11.720,-0.640,-1.260
230418,333.31,-78.00,172.00,-15.630,-0.040,-0.390
230430,332.50,-79.06,170.81,-16.080,-0.230,-0.430
230442,331.81,-79.94,171.56,-12.930,-1.660,-0.960
230456,331.13,-80.62,174.56,-12.440,-1.540,-0.980
230468,330.06,-81.06,-178.94,-11.590,3.130,2.950
230480,330.87,-81.31,-178.19,-10.340,-1.770,-1.170
230492,331.69,-82.06,-178.44,-10.980,-0.570,-1.530
230506,332.50,-83.00,178.19,-12.930,-0.890,-0.890
230518,333.44,-84.25,179.50,-13.460,-2.130,-0.530
230531,333.38,-84.69,179.81,-13.360,-1.750,-1.220
230543,332.81,-85.00,-179.50,-14.480,-1.090,-2.050
230557,332.19,-85.25,-178.69,-15.920,-1.830,-2.570
230569,330.12,-84.81,-176.06,-15.230,-0.280,-2.050
230581,328.81,-83.75,-174.38,-12.850,0.250,-2.020
230593,327.56,-82.31,-102.31,-12.330,0.530,-2.430
230607,326.50,-80.50,-92.19,-10.830,0.570,-2.740
230619,324.81,-76.19,-78.00,-10.750,1.890,-1.060
230631,323.94,-73.75,-73.87,-10.240,2.280,-1.200
230643,323.31,-71.69,-71.19,-9.800,2.390,-1.700
230657,322.81,-69.94,-69.31,-9.430,2.450,-2.030
230669,321.75,-66.37,-66.06,-8.530,2.470,-0.700
230681,321.19,-64.31,-64.50,-9.270,3.760,0.440
230693,320.63,-62.06,-63.38,-6.920,1.480,0.890
230707,320.00,-58.69,-61.69,-10.110,5.840,2.270
230719,319.44,-51.94,-58.87,-7.290,2.050,0.300
230731,319.69,-49.88,-57.19,-5.160,3.420,2.670
230743,320.00,-48.50,-55.44,-5.660,3.410,3.370
230757,320.44,-47.56,-53.63,-5.940,3.310,4.440
230769,321.37,-46.56,-50.06,-7.790,3.440,2.640
230782,321.69,-46.37,-48.63,-7.190,3.770,3.060
230794,321.81,-46.37,-47.38,-6.990,3.890,3.560
230808,322.00,-46.44,-46.13,-4.680,3.200,3.560
230820,322.31,-45.63,-43.44,-5.060,3.120,2.980
230832,322.75,-44.88,-42.06,-4.630,3.470,3.060
230844,323.31,-43.81,-40.69,-3.290,1.790,4.170
230858,323.75,-42.31,-39.19,-3.240,2.190,5.370
230870,323.94,-37.31,-37.06,-4.560,1.440,5.690
230882,324.12,-35.00,-36.63,-4.310,0.400,6.140
230894,324.12,-32.81,-35.94,-3.450,2.810,5.610
230908,323.94,-30.88,-35.13,-3.700,3.430,6.890
230920,323.56,-27.87,-34.88,-3.840,2.120,7.480
230932,323.50,-26.56,-35.19,-2.910,2.880,7.730
230944,323.50,-25.56,-35.50,-3.580,-0.370,8.820
230958,323.25,-24.63,-35.81,-1.470,3.110,6.890
230970,321.75,-22.44,-35.38,-1.840,1.780,5.740
230982,320.37,-21.19,-34.94,-4.550,4.320,7.550
230994,320.50,-21.19,-33.88,-1.580,2.660,5.550
231008,321.25,-21.56,-32.88,-3.230,3.730,7.580
231020,320.81,-20.00,-33.19,-2.600,2.850,8.980
231032,320.63,-19.94,-32.81,-2.240,4.150,7.260
231044,320.44,-19.87,-32.44,-3.160,4.730,7.690
231058,320.25,-19.69,-32.31,-3.540,5.380,7.580
231070,320.00,-18.62,-33.00,-4.110,4.630,6.950
231083,320.19,-18.00,-33.44,-4.340,5.210,5.800
231095,320.44,-17.19,-33.88,-5.880,4.480,4.410
231109,320.63,-16.31,-34.06,-4.620,5.060,4.190
231121,320.00,-13.94,-33.50,-2.480,4.860,7.920
231133,319.25,-12.44,-33.00,-1.570,4.660,8.730
231145,318.44,-10.81,-32.44,-1.730,4.350,13.360
231159,317.81,-9.63,-32.00,-0.680,4.950,14.900
231171,317.31,-8.56,-32.63,-0.420,4.540,8.680
231183,317.00,-8.00,-32.75,-0.110,4.660,8.330
231195,316.50,-7.19,-32.81,0.530,4.610,8.600
231209,315.81,-6.25,-32.81,0.460,4.440,9.180
231221,314.88,-5.31,-31.62,-0.340,5.500,9.390
231259,315.06,-5.69,-30.06,-2.540,5.990,6.700
231271,314.50,-5.62,-29.00,-0.800,5.790,7.510
231283,314.38,-5.25,-28.44,2.870,4.120,13.480
231295,314.56,-4.25,-27.75,-2.300,3.980,12.030
231309,314.69,-3.50,-27.50,-1.510,6.370,11.300
231321,315.75,-3.12,-27.06,-3.100,5.610,13.200
231333,315.69,-3.12,-27.19,-1.330,6.540,10.430
231345,315.31,-3.25,-27.37,-2.410,1.560,5.820
231359,314.38,-3.44,-27.44,2.690,3.330,2.490
231371,312.00,-2.44,-27.00,0.580,4.010,8.080
231383,311.12,-2.25,-26.81,3.180,3.330,7.570
231395,310.31,-1.94,-26.56,1.920,4.620,8.430
231409,309.75,-1.50,-26.31,0.880,4.360,7.670
231421,308.56,-0.06,-25.81,-0.480,5.450,6.440
231434,307.81,0.81,-25.69,-0.470,5.210,6.680
231446,307.12,1.62,-25.56,-0.370,5.620,8.680
231460,306.50,2.37,-25.37,0.170,5.720,9.340
231472,305.75,3.56,-25.06,0.050,5.950,11.390
231484,305.44,4.12,-24.87,-1.330,6.400,11.600
231496,305.19,4.50,-24.75,-2.440,6.270,10.370
231510,304.87,4.81,-24.56,-2.800,5.790,9.280
231522,303.69,5.69,-24.00,-1.870,7.060,6.560
231534,302.87,6.19,-23.69,-2.900,8.300,6.000
231546,301.94,6.87,-23.31,-2.350,5.820,5.700
231560,301.06,7.81,-22.81,-1.520,7.230,9.600
231572,299.81,9.13,-22.06,0.250,4.900,9.910
231584,299.25,9.75,-21.81,1.460,4.400,8.960
231596,298.87,10.25,-21.75,2.870,4.900,7.460
231610,298.50,10.75,-21.69,5.170,3.490,6.370
231622,298.38,11.12,-21.87,8.370,0.230,5.960
231634,298.50,11.00,-22.06,9.820,-1.000,5.930
231646,298.94,10.50,-22.31,11.200,-1.190,4.090
231660,299.44,9.94,-22.50,9.310,1.100,2.810
231672,298.56,9.88,-23.31,5.670,1.790,0.630
231685,297.88,9.69,-23.44,5.700,0.780,2.800
231697,297.25,9.56,-23.38,6.180,-0.110,5.640
231711,296.69,9.38,-23.44,4.380,-0.150,9.930
231723,295.94,8.75,-24.00,4.070,0.660,10.350
231735,295.69,8.25,-24.44,3.960,1.930,10.310
231747,295.63,7.87,-24.87,2.970,3.080,10.820
231761,295.63,7.62,-25.19,1.860,5.010,11.010
231773,295.88,7.12,-25.62,-1.310,8.370,11.750
231785,296.00,7.06,-25.75,-4.420,9.830,10.600
231797,296.00,7.12,-25.81,-6.030,9.740,11.590
231811,295.94,7.31,-25.94,-7.250,10.790,12.000
231823,295.94,8.00,-25.81,-8.100,11.590,9.440
231835,296.12,8.38,-25.56,-6.400,10.330,9.900
231847,296.63,8.63,-25.37,-3.280,7.360,9.470
231861,296.87,9.19,-25.19,-3.740,7.280,10.360
231873,297.00,10.56,-25.00,3.110,3.740,6.250
231885,297.19,11.12,-24.81,6.730,1.380,6.820
231897,297.44,11.56,-24.63,7.410,1.310,6.040
231911,297.88,11.31,-24.50,11.630,-0.390,7.770
231923,298.31,10.06,-24.56,13.860,-0.090,4.600
231936,297.88,10.00,-24.69,10.930,0.950,3.090
231948,297.44,9.94,-24.75,10.030,1.690,1.620
231962,297.19,9.56,-24.69,8.590,1.700,4.600
231974,296.69,7.37,-24.56,6.550,0.020,7.900
231986,296.56,6.12,-24.56,4.100,1.110,9.620
231998,296.44,5.19,-24.69,0.780,1.120,11.540
232012,296.31,4.37,-24.94,-1.790,3.280,10.460
232024,296.19,3.37,-25.44,-11.060,8.960,11.630
232036,296.25,3.00,-25.50,-12.890,10.720,10.090
232048,296.19,3.06,-25.50,-14.460,12.030,11.360
232062,296.12,3.19,-25.44,-12.100,11.220,12.050
232074,296.37,3.81,-25.00,-7.930,8.710,12.340
232086,296.69,4.31,-24.69,-4.750,7.080,12.710
232098,297.25,5.00,-24.31,-1.020,5.230,12.110
232112,297.25,6.06,-24.19,-1.880,3.940,8.710
232124,297.19,8.44,-24.06,3.010,3.910,7.660
232136,297.37,9.25,-24.00,6.470,1.760,5.550
232148,297.56,9.88,-23.94,8.750,0.590,5.440
232162,297.75,10.44,-23.81,8.640,0.460,5.900
232174,298.00,10.75,-23.75,10.660,-0.590,5.230
232186,298.00,10.63,-23.81,8.700,-0.740,5.320
232198,297.88,10.25,-23.87,8.390,-2.040,4.030
232212,297.81,9.69,-23.81,8.160,-0.910,4.220
232224,297.75,8.19,-23.94,2.410,0.360,7.250
232263,298.13,6.87,-24.37,-3.270,4.400,12.700
232275,298.94,6.06,-25.00,-9.730,9.220,13.920
232287,299.31,6.06,-25.37,-11.280,11.170,13.660
232299,299.69,6.37,-25.56,-9.510,10.290,13.300
232313,300.38,6.87,-25.56,-8.630,10.790,14.400
232325,301.75,7.50,-25.31,-4.230,5.960,11.260
232337,302.50,8.00,-25.06,-2.320,5.490,10.750
232349,302.87,8.69,-24.94,-3.730,4.460,9.560
232363,303.06,9.31,-25.00,-1.720,3.910,8.160
232375,303.81,10.50,-24.87,3.010,1.810,6.700
232387,304.31,11.00,-24.81,7.840,-1.400,5.620
232399,305.12,11.56,-24.63,11.140,-0.990,6.890
232413,306.00,12.00,-24.44,10.730,-2.440,7.020
232425,306.87,11.94,-24.56,4.730,-0.210,7.060
232437,306.94,11.31,-24.81,5.430,-0.280,3.740
232449,307.06,10.69,-25.00,8.370,0.350,6.390
232463,307.31,10.38,-25.19,8.420,0.550,5.520
232475,307.94,9.69,-25.56,4.260,0.630,7.080
232488,308.31,9.56,-25.69,2.790,2.220,8.490
232500,308.63,9.38,-25.81,1.720,3.160,10.260
232514,309.06,8.88,-26.00,-0.170,3.920,10.240
232526,309.87,7.75,-26.44,-6.670,8.800,11.590
232538,310.25,7.25,-26.56,-8.700,10.820,11.070
232550,310.56,6.94,-26.56,-9.740,11.110,11.300
232564,311.00,6.94,-26.44,-10.730,11.820,11.620
232576,312.06,7.50,-26.06,-6.350,9.040,12.630
232588,312.56,7.94,-25.75,-5.160,8.820,12.220
232600,313.25,8.69,-25.44,-0.820,5.690,10.370
232614,313.75,9.75,-25.12,-2.540,5.330,10.060
232626,314.38,11.50,-24.87,1.530,4.230,7.210
232638,314.69,12.19,-24.75,4.640,1.800,5.160
232650,315.00,12.94,-24.56,4.150,2.440,5.430
232664,315.37,13.62,-24.37,7.870,-0.270,4.500
232676,316.50,14.81,-24.12,11.510,-2.680,5.090
232688,317.06,15.06,-24.06,10.120,-1.340,6.090
232700,317.25,15.00,-24.12,7.350,-1.210,6.900
232714,317.25,14.63,-24.25,8.840,0.780,4.080
232726,317.50,13.69,-24.12,10.020,0.820,7.100
232738,317.75,13.13,-24.06,4.860,0.980,9.030
232750,317.87,12.56,-24.12,5.900,1.000,7.750
232764,318.06,12.13,-24.25,2.970,2.530,9.860
232776,318.50,11.12,-24.87,-1.660,6.610,8.910
232789,318.88,10.63,-25.19,-4.990,8.990,9.390
232801,319.19,10.13,-25.44,-6.850,9.980,9.810
232815,319.56,9.81,-25.44,-10.040,11.810,9.880
232827,320.31,9.88,-25.12,-10.050,11.620,12.430
232839,320.88,10.31,-24.94,-8.410,10.510,13.720
232851,321.37,10.56,-24.75,-3.130,7.470,11.030
232865,322.00,11.31,-24.50,-2.880,6.640,11.130
232877,322.69,13.25,-24.00,-1.030,4.460,9.510
232889,322.81,14.13,-23.81,5.310,3.570,6.960
232901,323.19,15.00,-23.69,7.760,2.860,7.350
232915,323.87,15.88,-23.75,11.540,0.140,6.020
232927,326.19,17.25,-23.94,13.340,-2.160,3.580
232939,327.06,17.56,-24.00,10.190,-1.310,4.250
232951,327.31,17.56,-24.19,5.220,-0.850,4.200
232965,326.94,17.00,-24.37,8.660,-0.080,0.890
232977,326.12,15.88,-24.25,11.510,0.490,3.480
232989,326.00,15.13,-24.19,10.720,0.610,4.900
233001,326.00,14.38,-24.12,6.000,1.330,6.420
233015,326.00,13.75,-24.19,5.600,0.830,6.420
233027,326.25,12.63,-24.37,-0.080,3.190,9.710
233040,326.44,11.88,-24.56,-0.410,5.340,10.250
233052,326.69,11.25,-24.75,-3.220,7.000,12.050
233066,327.00,10.81,-24.94,-3.050,7.090,12.700
233078,327.81,10.31,-25.19,-9.890,10.530,13.950
233090,328.06,10.38,-25.25,-10.210,10.360,13.880
233102,328.44,10.94,-25.19,-8.200,10.200,14.590
233116,328.94,11.38,-25.12,-6.950,9.030,13.490
233128,330.00,12.19,-24.87,-2.500,7.110,9.910
233140,330.56,13.06,-24.75,-2.510,6.110,10.580
233152,330.81,14.06,-24.87,-0.930,4.680,8.610
233166,330.87,15.06,-25.00,0.740,4.060,7.260
233178,331.19,16.56,-25.00,6.000,1.320,4.670
233190,331.38,17.06,-24.81,10.900,0.120,2.910
233202,331.69,17.69,-24.50,13.230,-0.510,4.290
233216,332.25,18.00,-24.31,16.660,-2.600,3.550
233228,332.69,17.69,-24.19,8.790,-1.030,3.800
233266,332.12,15.63,-24.06,11.410,-0.370,5.140
233278,332.19,14.13,-24.06,5.040,1.030,8.500
233290,332.25,13.69,-24.25,2.060,3.030,10.810
233302,332.37,13.19,-24.56,0.250,4.820,11.500
233316,332.69,12.69,-25.06,-2.210,6.360,10.990
233328,333.63,12.06,-25.69,-11.230,12.710,12.080
233341,334.06,11.69,-25.62,-12.410,13.880,12.230
233353,334.44,11.63,-25.44,-7.270,12.180,13.630
233367,335.00,12.13,-25.06,-7.060,11.890,13.970
233379,336.00,13.13,-24.37,-1.980,7.520,10.820
233391,336.62,14.13,-24.06,-2.930,5.560,11.430
233403,336.81,15.06,-24.00,-1.910,3.170,7.120
233417,336.81,15.81,-23.87,2.320,2.930,6.160
233429,336.81,17.37,-23.62,9.490,0.670,4.050
233441,337.06,18.00,-23.50,9.310,0.420,5.180
233453,337.31,18.50,-23.31,10.640,-0.450,4.700
233467,337.63,18.94,-23.12,11.960,-0.850,4.470
233479,337.63,19.00,-22.94,10.050,0.070,3.010
233491,337.31,18.50,-22.94,9.700,-0.540,1.330
233503,337.06,17.75,-22.81,10.610,-1.090,3.540
233517,336.94,16.87,-22.62,7.570,-1.350,5.240
233529,336.37,14.69,-22.19,5.170,1.310,7.770
233541,336.19,13.88,-22.31,2.000,3.210,10.320
233553,336.00,12.94,-22.69,-0.250,5.030,9.890
233567,336.06,12.06,-23.19,-1.990,6.500,9.770
233579,336.37,10.81,-24.00,-8.860,10.900,12.100
233592,336.56,10.56,-24.19,-11.800,13.380,12.390
233604,336.62,10.50,-24.19,-7.960,11.870,14.070
233618,336.87,10.94,-24.06,-6.850,10.350,14.630
233630,337.56,11.94,-23.81,-5.380,6.420,11.210
233642,337.81,12.75,-23.50,-4.570,6.320,12.640
233654,337.75,13.69,-23.44,-0.290,2.150,8.320
233668,337.69,14.31,-23.38,1.830,3.750,8.120
233680,337.75,15.94,-23.50,7.750,-0.040,5.500
233692,338.12,16.69,-23.62,11.350,-2.110,5.120
233704,338.69,17.50,-23.56,11.210,-2.470,5.920
233718,339.25,17.81,-23.50,13.150,-1.900,4.830
233730,338.87,17.44,-23.62,8.380,0.500,2.830
233742,338.19,16.75,-23.75,10.780,-0.460,1.400
233754,337.56,16.06,-23.62,11.690,0.880,3.830
233768,337.12,15.31,-23.56,9.890,-0.080,5.640
233780,336.44,13.69,-23.87,5.380,2.600,6.220
233792,336.25,13.00,-24.31,1.720,4.000,6.860
233804,336.06,12.37,-24.75,-2.690,6.790,8.360
233818,335.94,11.44,-25.06,-4.260,8.550,8.390
233830,335.56,10.19,-25.31,-11.080,11.090,12.420
233842,335.44,9.94,-25.19,-13.360,13.700,14.500
233854,335.31,10.00,-24.94,-10.060,11.370,15.050
233868,335.44,10.50,-24.63,-8.070,9.830,16.250
233880,335.44,11.69,-24.06,-1.110,5.130,12.610
233893,335.63,12.81,-23.75,-5.540,4.600,11.570
233905,335.38,13.50,-23.75,-0.260,2.570,7.630
233919,334.94,14.13,-23.69,1.510,3.240,7.390
233931,334.19,15.56,-23.56,9.500,-1.010,3.830
233943,334.19,16.19,-23.38,11.410,-1.470,5.290
233955,334.44,16.81,-23.19,14.200,-3.470,4.700
233969,334.75,17.12,-23.12,11.880,-1.810,4.720
233981,334.06,16.94,-23.31,8.580,0.340,2.380
233993,333.38,16.31,-23.44,11.040,0.470,2.390
234005,332.81,15.75,-23.44,10.560,1.260,3.920
234019,332.56,15.06,-23.50,7.570,0.520,5.760
234031,332.12,13.69,-23.87,5.780,1.670,6.000
234043,332.00,13.31,-24.12,0.760,4.570,8.800
234055,331.94,12.69,-24.44,-2.410,5.660,9.370
234069,331.94,12.00,-24.75,-5.110,8.400,10.150
234081,332.00,10.81,-25.12,-12.820,13.320,14.190
234093,331.94,10.31,-25.06,-13.990,14.080,14.020
234105,331.87,10.19,-24.94,-9.160,11.520,13.570
234119,331.87,10.75,-24.63,-7.440,10.760,16.220
234131,332.00,11.75,-24.06,-1.090,6.880,11.450
234144,332.06,12.81,-23.81,-4.610,5.050,10.150
234156,331.75,13.62,-23.69,0.430,2.910,6.650
234170,331.19,14.31,-23.56,2.970,2.950,6.200
234182,330.37,15.75,-23.19,11.560,-1.360,4.510
234194,330.44,16.31,-23.06,14.760,-2.900,5.730
234206,330.81,16.75,-22.94,15.960,-3.600,4.190
234220,331.06,16.87,-22.87,11.200,-1.190,4.780
234232,330.06,16.31,-23.12,9.340,-0.030,0.270
234270,328.06,13.62,-23.12,7.830,1.260,4.790
234282,327.50,11.75,-23.31,5.030,2.450,4.600
234294,327.31,10.88,-23.56,-0.270,4.860,7.470
234306,327.13,10.00,-23.81,-1.770,7.090,8.310
234320,327.06,9.06,-24.06,-5.700,8.260,10.130
234332,327.06,7.81,-24.25,-13.680,13.230,15.430
234344,326.88,7.19,-24.25,-15.680,12.930,14.430
234356,326.50,7.06,-24.12,-12.230,11.980,14.660
234370,326.19,7.50,-23.81,-10.930,11.080,16.050
234382,325.13,7.75,-23.25,-1.000,6.980,11.730
234394,324.69,8.69,-22.94,-3.650,3.810,9.300
234406,323.94,9.38,-22.81,0.560,3.110,7.700
234420,323.00,10.06,-22.62,3.190,2.060,6.930
234432,321.56,11.50,-22.13,14.290,-3.250,6.250
234445,321.37,12.06,-22.06,12.210,-4.290,6.560
234457,321.37,12.37,-21.94,13.300,-3.900,5.180
234471,321.06,12.31,-21.87,12.470,-2.320,5.390
234483,319.37,11.56,-22.25,9.760,-0.020,2.530
234495,318.37,10.75,-22.31,10.400,0.060,3.060
234507,317.75,10.00,-22.44,8.000,0.490,4.750
234521,317.31,9.25,-22.69,5.460,0.840,5.170
234533,316.63,8.25,-23.31,2.470,3.650,5.670
234545,316.25,8.06,-23.75,-3.900,7.610,8.150
234557,315.87,7.56,-24.06,-5.900,8.840,8.670
234571,315.56,7.12,-24.19,-10.830,11.300,11.550
234583,314.88,6.31,-24.00,-13.290,11.810,15.850
234595,314.50,6.12,-23.69,-8.630,10.300,15.590
234607,314.38,6.56,-23.31,-9.890,9.670,17.980
234621,314.12,7.19,-22.94,-6.210,5.410,16.520
234633,314.19,8.06,-22.50,-2.070,4.030,12.420
234645,313.94,9.19,-22.44,-0.790,2.070,10.480
234657,313.56,10.25,-22.56,1.920,1.120,7.940
234671,313.06,11.06,-22.81,3.890,0.740,6.540
234683,312.19,12.50,-22.87,14.140,-1.440,4.740
234695,312.00,13.06,-22.87,11.280,-0.940,5.240
234707,311.87,13.50,-22.81,12.150,-1.060,4.270
234721,311.69,13.50,-22.87,11.380,0.090,3.690
234733,310.56,12.88,-23.12,9.960,0.130,1.810
234746,310.00,12.31,-23.19,11.090,-0.050,2.400
234758,309.69,11.75,-23.19,7.170,1.340,5.210
234772,309.50,11.00,-23.31,4.960,1.710,5.690
234784,308.87,9.81,-24.12,2.970,4.030,6.960
234796,308.56,9.63,-24.37,-1.310,5.440,9.200
234808,308.44,9.06,-24.69,-5.860,7.700,12.330
234822,308.31,8.69,-24.87,-10.990,9.300,16.720
234834,308.38,7.00,-24.94,-14.870,11.690,16.150
234846,308.13,6.75,-24.81,-12.390,10.720,17.520
234858,308.25,6.37,-24.44,-7.020,9.710,13.760
234872,308.31,6.44,-24.00,-3.650,6.490,12.290
234884,308.63,7.50,-23.31,-2.040,4.900,10.220
234896,308.50,8.63,-23.00,-3.140,4.730,7.820
234908,308.13,10.00,-22.81,2.350,2.430,6.760
234922,307.62,11.19,-22.50,6.380,0.910,5.090
234934,307.12,12.50,-21.94,11.800,-1.160,4.650
234946,307.00,12.94,-21.75,13.130,-1.760,4.530
234958,307.00,13.19,-21.62,11.750,-1.260,4.250
234972,306.94,13.19,-21.62,9.570,-0.440,3.840
234984,306.31,12.31,-21.94,9.980,0.530,3.060
234996,306.06,11.63,-22.06,7.360,1.560,4.770
235008,305.62,10.69,-22.31,8.130,0.990,4.560
235022,305.12,9.94,-22.56,5.090,2.590,7.880
235034,304.75,9.44,-23.12,-1.360,3.470,11.140
235047,304.69,9.06,-23.56,-8.590,7.410,14.230
235059,305.06,8.25,-23.81,-11.950,9.360,16.340
235073,305.00,7.75,-24.00,-13.150,10.770,14.380
235085,305.19,7.37,-24.00,-10.270,9.670,15.870
235097,305.56,7.37,-23.81,-8.010,8.760,14.280
235109,305.69,8.06,-23.56,-4.330,7.710,13.620
235123,306.00,9.00,-23.19,-2.720,5.940,11.020
235135,306.06,11.38,-22.87,-0.210,3.880,6.110
235147,305.69,12.25,-22.87,3.070,4.220,5.120
235159,305.44,13.13,-22.75,10.500,0.920,3.260
235173,305.44,14.00,-22.62,13.400,-1.470,4.780
235185,305.87,15.31,-22.13,11.340,-1.660,3.250
235197,305.94,15.38,-22.06,8.720,-0.640,3.080
235209,305.56,15.06,-22.13,8.420,0.000,2.500
235223,304.94,14.38,-22.25,9.650,0.310,2.830
235235,303.94,12.81,-22.25,7.870,-0.670,5.950
235273,303.00,11.31,-22.94,2.170,1.700,6.790
235285,303.00,10.19,-23.69,-3.410,6.670,8.960
235298,303.31,9.06,-23.94,-8.410,9.360,11.550
235310,303.75,7.81,-24.19,-12.540,11.010,14.220
235324,303.94,7.00,-24.31,-14.920,12.090,14.700
235336,303.75,6.31,-24.12,-10.240,10.500,16.850
235348,303.94,6.12,-23.75,-8.780,8.690,16.920
235360,303.94,6.37,-23.38,-6.230,7.090,14.910
235374,304.00,7.19,-23.06,-2.130,4.400,12.910
235386,304.25,9.69,-22.50,-0.020,3.330,7.960
235398,304.00,10.88,-22.44,2.950,3.810,6.770
235410,303.81,11.94,-22.31,8.040,1.600,3.550
235424,303.75,12.88,-22.19,8.990,1.730,3.250
235436,304.13,14.31,-21.75,12.730,-1.120,2.490
235448,304.25,14.69,-21.62,11.370,-0.450,2.800
235460,304.31,14.69,-21.50,8.830,-0.420,2.380
235474,304.00,14.25,-21.56,8.290,-0.140,1.740
235486,303.19,12.88,-21.56,8.920,-0.020,5.060
235498,302.94,12.06,-21.50,6.310,0.110,6.800
235510,302.56,11.12,-21.69,4.740,0.370,6.480
235524,302.19,10.69,-21.94,2.640,2.090,8.670
235536,301.81,9.81,-22.75,-1.670,4.260,10.340
235548,302.00,8.63,-23.19,-6.250,8.090,12.260
235560,302.06,7.56,-23.50,-8.530,9.980,12.140
235574,302.13,6.62,-23.69,-10.010,10.360,14.090
235586,302.06,5.69,-23.69,-9.050,10.620,14.650
235598,302.25,5.44,-23.38,-8.650,10.020,15.850
235610,302.56,5.44,-23.06,-8.960,8.600,15.140
235624,302.75,5.94,-22.87,-3.750,6.080,14.800
235636,303.31,8.13,-22.25,-2.200,3.040,9.600
235649,303.00,9.81,-22.25,0.640,3.750,8.100
235661,303.00,10.88,-22.19,6.900,1.610,4.550
235675,302.94,12.00,-22.13,9.770,1.130,2.890
235687,303.50,13.88,-21.75,14.430,-1.780,1.390
235699,303.94,14.25,-21.62,11.860,-0.910,1.610
235711,303.56,13.88,-21.75,7.260,-0.190,1.740
235725,303.19,13.50,-21.94,7.320,-0.120,0.600
235737,302.38,12.25,-21.94,11.270,-0.230,3.710
235749,302.25,11.44,-22.00,9.080,-0.540,5.990
235761,302.00,10.69,-22.25,6.400,0.540,7.120
235775,301.75,9.88,-22.50,3.770,1.850,7.770
235787,301.56,8.25,-23.44,-1.260,3.690,11.370
235799,301.69,7.25,-23.81,-6.780,8.120,13.270
235811,301.75,6.37,-24.06,-10.090,10.260,12.800
235825,301.94,5.69,-24.19,-11.760,11.130,14.850
235837,302.38,5.31,-24.12,-10.180,10.610,14.510
235850,302.81,5.31,-23.94,-8.360,9.910,14.980
235862,303.00,5.87,-23.75,-7.820,8.670,13.260
235876,303.25,7.06,-23.50,-1.990,6.230,12.560
235888,303.31,9.88,-23.25,-0.820,2.720,8.030
235900,303.06,11.25,-23.19,2.290,2.830,5.990
235912,302.87,12.31,-23.06,8.030,1.860,4.330
235926,302.87,13.13,-22.87,10.440,0.760,3.320
235938,303.37,13.94,-22.62,13.140,-0.850,2.450
235950,303.31,13.75,-22.62,11.050,-0.280,2.520
235962,302.94,13.31,-22.69,8.550,0.070,1.470
235976,302.44,12.75,-22.81,8.920,0.120,0.770
235988,301.81,11.50,-23.00,8.930,0.290,4.750
236000,301.56,10.56,-23.31,6.330,-0.060,6.590
236012,301.37,10.06,-23.56,7.140,-0.780,5.640
236026,301.25,9.75,-23.94,3.480,1.690,9.420
236038,301.62,8.06,-24.87,-1.960,4.630,10.450
236050,302.00,7.00,-25.31,-6.790,8.340,12.840
236062,302.38,6.12,-25.69,-8.870,9.790,13.990
236076,302.56,5.62,-26.00,-12.960,12.380,14.690
236088,302.87,5.31,-26.19,-10.780,10.710,14.860
236100,303.19,5.19,-25.94,-7.980,10.020,13.680
236112,303.25,5.69,-25.62,-6.400,8.720,11.870
236126,303.44,6.69,-25.25,-2.940,6.620,11.860
236138,303.19,9.06,-24.75,-2.220,3.610,7.890
236151,302.75,10.19,-24.50,1.880,3.580,6.340
236163,302.38,11.19,-24.19,6.860,1.950,4.080
236177,302.19,11.94,-23.87,8.670,0.800,4.150
236189,302.75,12.69,-23.19,13.380,-0.940,5.580
236201,303.00,12.63,-23.00,12.850,-1.020,2.890
236213,302.87,12.50,-22.87,9.160,-0.240,3.190
236227,302.31,12.13,-22.87,5.840,-0.030,2.760
236239,301.44,11.00,-22.69,10.720,-0.550,4.000
236277,301.44,9.31,-23.12,3.900,1.780,8.020
236289,301.56,8.94,-24.19,0.110,4.310,10.530
236301,301.81,8.38,-24.75,-6.890,7.530,13.830
236313,302.06,7.62,-25.19,-7.910,9.710,13.040
236327,302.44,7.00,-25.50,-11.430,12.140,14.020
236339,302.62,6.75,-25.81,-13.320,14.650,16.410
236351,302.94,6.62,-25.81,-7.940,10.200,14.760
236363,302.94,6.87,-25.62,-6.960,10.440,12.630
236377,303.00,7.56,-25.31,-4.420,8.880,11.430
236389,302.87,9.75,-24.69,-3.210,4.710,8.350
236401,302.50,10.69,-24.37,1.430,4.260,6.940
236413,302.06,11.56,-24.06,6.500,1.980,4.890
236427,302.00,12.31,-23.75,8.790,0.780,4.530
236439,302.62,13.19,-23.25,14.720,-2.730,4.990
236452,302.81,13.38,-23.06,12.040,-2.360,3.810
236464,302.56,13.31,-23.00,9.020,-1.670,3.540
236478,302.00,12.81,-23.00,7.000,-0.580,2.670
236490,301.31,11.31,-22.87,9.830,-0.230,5.540
236502,301.19,10.31,-22.87,7.010,-0.870,6.680
236514,301.06,9.69,-23.00,7.000,-0.070,5.230
236528,301.00,9.50,-23.38,3.790,1.340,7.540
236540,301.25,8.56,-24.37,-0.070,4.600,7.810
236552,301.56,7.56,-24.81,-5.000,8.500,10.300
236564,301.81,6.56,-25.06,-7.390,9.260,11.840
236578,302.19,5.81,-25.31,-11.620,12.100,13.880
236590,302.38,5.19,-25.62,-15.470,14.010,16.500
236602,302.50,5.06,-25.56,-11.540,11.610,15.540
236614,302.50,5.31,-25.31,-9.790,10.430,14.830
236628,302.56,5.81,-24.94,-5.570,9.120,12.960
236640,302.87,7.75,-24.31,-3.750,3.980,9.850
236652,302.56,8.88,-24.06,-0.400,4.080,7.800
236664,302.25,10.06,-23.75,4.540,3.180,6.280
236678,302.13,10.88,-23.50,7.720,2.240,4.570
236690,302.62,12.00,-23.00,12.490,-0.190,3.630
236702,303.19,12.37,-22.69,13.740,-2.770,2.490
236714,303.56,12.63,-22.50,11.070,-2.060,2.790
236728,303.44,12.50,-22.44,7.520,-1.700,3.150
236740,302.44,11.31,-22.31,9.800,-0.480,3.860
236753,302.13,10.56,-22.25,9.190,-0.750,5.960
236765,301.88,9.63,-22.25,6.770,-0.290,7.160
236779,301.62,9.00,-22.44,6.200,-0.590,7.360
236791,301.56,8.63,-23.31,0.430,1.920,9.730
236803,301.75,7.69,-23.94,-2.150,6.250,8.380
236815,302.06,6.75,-24.44,-4.360,7.740,10.200
236829,302.31,5.94,-24.87,-7.540,9.990,11.460
236841,302.94,4.75,-25.25,-13.310,12.400,14.220
236853,303.12,4.62,-25.25,-11.680,11.360,14.260
236865,303.56,4.44,-25.06,-9.630,11.550,15.170
236879,303.94,4.56,-24.81,-8.720,9.720,15.420
236891,304.31,6.37,-24.44,-3.180,6.270,12.710
236903,304.38,7.75,-24.25,-3.250,5.480,11.320
236915,304.19,9.19,-24.12,1.800,4.630,7.620
236929,304.00,10.38,-24.00,4.840,3.460,6.430
236941,304.50,12.06,-23.75,9.780,1.460,3.560
236953,305.31,12.69,-23.56,13.030,-2.300,4.550
236965,306.25,12.69,-23.38,14.490,-2.280,1.470
236979,306.69,12.56,-23.38,10.290,-1.270,1.720
236991,305.81,12.13,-23.50,8.200,0.420,2.300
237004,305.31,11.44,-23.44,9.640,0.430,3.820
237016,305.06,10.81,-23.31,9.720,0.280,5.750
237030,304.94,10.06,-23.31,5.350,1.180,7.920
237042,304.69,9.50,-23.62,5.110,1.490,8.970
237054,304.69,9.13,-24.06,1.460,2.680,10.290
237066,304.81,8.19,-24.50,-1.920,3.980,9.290
237080,304.81,7.37,-24.87,-4.120,7.210,9.270
237092,305.12,6.12,-25.37,-10.120,11.530,12.560
237104,305.50,5.69,-25.44,-11.340,12.390,13.900
237116,305.75,5.31,-25.37,-11.390,11.140,14.790
237130,306.31,5.06,-25.19,-9.110,11.500,14.340
237142,307.00,5.56,-24.81,-5.880,7.250,13.660
237154,307.37,6.44,-24.56,-3.640,6.090,13.320
237166,307.37,7.69,-24.50,-0.160,3.060,8.590
237180,307.25,9.13,-24.44,2.280,3.990,7.140
237192,307.25,11.31,-24.25,7.150,2.470,4.820
237204,307.56,12.00,-24.19,12.910,-0.920,4.160
237216,308.19,12.44,-24.00,13.150,-1.280,2.960
237230,308.69,12.44,-23.94,14.670,-1.680,1.110
237242,308.19,12.13,-24.06,7.590,-0.850,2.100
237280,307.12,10.13,-23.75,6.850,1.220,8.470
237292,306.56,9.31,-24.25,5.480,1.370,8.230
237304,306.38,9.31,-24.75,0.640,4.390,11.300
237316,306.38,8.69,-25.44,-3.430,7.130,9.750
237330,306.44,8.00,-26.00,-6.610,10.090,10.430
237342,306.50,7.00,-26.56,-14.000,13.590,13.090
237355,306.56,6.75,-26.50,-13.060,13.130,13.490
237367,307.00,6.44,-26.19,-10.080,12.810,12.500
237381,307.37,6.37,-25.81,-8.870,10.970,12.930
237393,307.87,7.44,-24.81,-4.180,5.030,11.060
237405,307.75,8.69,-24.44,-1.910,2.470,10.160
237417,307.37,10.13,-24.06,6.070,0.620,8.970
237431,307.50,11.25,-23.69,10.180,-0.290,9.070
237443,309.56,12.25,-23.06,13.760,-2.130,3.900
237455,310.50,11.63,-23.19,13.280,-4.410,1.670
237467,310.75,11.44,-23.50,6.170,0.120,0.610
237481,310.06,11.44,-23.69,8.620,-0.650,-0.210
237493,308.56,10.94,-23.69,10.470,1.570,2.480
237505,308.56,10.44,-23.56,9.220,0.540,4.460
237517,308.44,10.13,-23.62,5.580,1.380,6.940
237531,308.44,9.94,-23.87,2.230,2.100,9.850
237543,309.19,7.75,-24.56,-0.060,3.910,7.610
237555,309.37,6.69,-24.94,-2.730,4.840,10.500
237567,309.62,5.75,-25.25,-7.790,8.720,14.100
237581,309.56,5.06,-25.56,-9.050,9.690,14.210
237593,309.87,4.12,-25.75,-14.470,11.920,16.090
237606,310.00,4.00,-25.62,-10.110,11.360,12.780
237618,310.44,4.00,-25.31,-7.730,10.780,12.930
237632,310.69,4.37,-24.94,-6.190,8.970,11.340
237644,311.69,5.75,-23.94,-3.200,5.080,9.570
237656,311.37,7.06,-23.94,-1.260,1.970,9.140
237668,311.25,8.38,-23.87,2.000,3.380,8.580
237682,311.19,9.56,-23.75,7.310,1.440,6.630
237694,311.56,11.19,-23.56,8.930,1.450,4.260
237706,312.00,11.25,-23.56,11.120,0.350,2.960
237718,312.31,11.00,-23.38,12.210,0.130,2.200
237732,312.19,10.81,-23.25,9.950,1.200,2.150
237744,311.06,10.56,-23.06,8.900,0.510,3.170
237756,310.56,10.19,-22.87,6.700,0.660,4.970
237768,310.13,9.50,-22.69,5.340,1.120,6.900
237782,309.69,8.63,-22.81,5.500,1.910,8.360
237794,309.44,6.62,-23.44,0.740,3.590,10.210
237806,309.62,5.69,-23.62,0.290,4.720,9.740
237818,309.81,4.87,-23.94,-5.720,7.570,12.980
237832,309.87,4.25,-24.25,-8.990,8.620,13.550
237844,309.62,3.81,-24.81,-10.660,9.990,15.880
237856,309.56,3.87,-24.81,-12.960,11.610,13.410
237868,309.81,3.87,-24.75,-8.980,10.390,12.720
237882,310.06,4.31,-24.63,-6.550,8.590,11.210
237894,310.19,6.31,-24.19,-5.140,5.210,9.620
237907,310.00,7.69,-24.06,-0.380,2.250,7.850
237919,309.87,9.13,-23.87,1.570,3.780,7.000
237933,309.87,10.44,-23.69,7.800,0.980,6.510
237945,310.50,11.94,-23.50,12.370,-1.190,6.430
237957,311.00,12.06,-23.50,14.700,-1.080,2.780
237969,311.25,11.94,-23.62,11.120,-0.120,2.190
237983,311.00,11.94,-23.87,9.040,0.190,1.300
237995,310.13,11.38,-24.31,9.060,0.300,2.970
238007,309.87,10.94,-24.37,7.160,0.250,5.180
238019,309.56,10.38,-24.37,7.240,0.050,5.300
238033,309.37,9.50,-24.37,3.630,1.780,8.300
238045,309.19,6.75,-24.75,-1.830,5.880,8.740
238057,309.00,5.81,-25.19,-4.490,7.810,10.330
238069,308.75,5.12,-25.62,-10.410,11.000,13.320
238083,308.69,4.56,-26.06,-12.790,11.030,14.150
238095,308.69,3.87,-26.25,-11.060,11.480,17.000
238107,309.12,3.37,-26.00,-8.540,10.000,14.250
238119,309.44,3.44,-25.69,-6.740,8.910,13.690
238133,309.62,4.06,-25.50,-4.140,7.280,13.010
238145,310.56,5.75,-24.87,-1.470,2.950,6.460
238158,310.50,7.31,-24.69,2.420,2.530,7.300
238170,310.63,8.94,-24.44,4.040,2.870,7.330
238184,310.94,10.25,-24.31,10.920,-0.750,6.720
238196,312.63,11.00,-24.25,13.250,-1.540,2.390
238208,313.06,11.31,-24.31,8.460,-0.150,1.930
238220,312.88,11.88,-24.44,6.920,1.070,1.380
238234,312.25,12.25,-24.63,9.660,0.560,1.020
238246,311.56,12.06,-24.50,8.930,0.190,4.950
238284,311.31,9.38,-25.12,4.650,0.770,7.510
238296,311.87,6.56,-25.62,-4.400,6.380,9.440
238308,312.12,5.50,-25.94,-8.980,8.300,11.780
238320,312.25,4.62,-26.31,-16.150,12.100,13.290
238334,312.38,4.12,-26.75,-16.030,12.730,14.670
238346,312.63,3.81,-26.94,-12.760,12.330,14.860
238358,312.94,4.06,-26.75,-7.240,9.460,15.270
238370,313.06,4.87,-26.44,-3.920,7.070,14.960
238384,313.81,5.62,-26.06,-1.690,4.620,15.870
238396,313.94,8.06,-25.81,1.450,4.230,8.990
238408,313.81,9.75,-25.69,4.880,3.700,5.670
238420,313.87,11.19,-25.50,6.630,2.330,5.310
238434,314.19,12.44,-25.25,9.610,2.020,2.680
238446,315.37,13.88,-25.00,13.670,-0.720,1.200
238459,315.94,13.81,-24.87,11.020,-0.030,0.020
238471,315.81,13.94,-24.75,8.830,0.170,0.610
238485,315.44,13.94,-24.69,8.570,0.490,1.620
238497,314.81,12.81,-24.25,7.130,0.180,5.390
238509,314.50,11.88,-24.19,6.890,0.310,6.510
238521,314.19,11.19,-24.37,5.630,0.550,8.780
238535,314.38,10.13,-24.75,3.190,1.560,8.770
238547,314.94,7.81,-25.56,-4.000,7.530,10.340
238559,315.31,6.75,-25.88,-7.070,8.750,11.480
238571,315.62,5.94,-26.19,-14.140,12.400,13.870
238585,315.69,5.50,-26.56,-13.710,11.880,14.910
238597,315.94,5.19,-26.69,-9.690,11.840,13.230
238609,316.19,5.50,-26.56,-5.510,8.470,13.410
238621,316.50,6.25,-26.31,-3.260,6.710,13.920
238635,317.06,7.06,-26.12,-4.040,6.410,14.490
238647,317.06,9.63,-26.00,1.680,4.790,8.260
238659,316.88,11.19,-25.94,5.430,2.660,6.060
238671,317.00,12.31,-25.88,8.780,1.890,5.140
238685,317.31,13.38,-25.81,12.240,0.000,5.840
238697,319.06,13.69,-25.56,13.610,-0.330,0.880
238709,319.31,13.62,-25.56,10.660,0.350,0.800
238721,318.88,13.75,-25.62,5.320,0.680,2.040
238735,318.12,13.56,-25.69,7.880,0.300,1.410
238747,317.31,12.31,-25.56,7.890,0.420,5.470
238760,317.25,11.63,-25.62,4.670,0.490,8.130
238772,317.13,10.81,-25.88,4.310,1.200,7.900
238786,317.31,9.56,-26.25,4.910,1.290,8.000
238798,317.87,6.81,-27.19,-2.510,6.080,10.990
238810,318.06,5.75,-27.69,-5.660,7.120,12.740
238822,318.25,4.81,-28.06,-12.220,11.390,15.050
238836,318.37,4.25,-28.31,-14.510,11.610,15.910
238848,318.63,3.87,-28.69,-14.100,11.630,16.300
238860,319.00,3.87,-28.75,-9.080,10.600,13.620
238872,319.19,4.56,-28.62,-4.380,8.680,12.940
238886,319.50,5.50,-28.44,-1.470,6.610,13.620
238898,320.63,7.31,-28.31,-1.170,3.460,6.590
238910,320.37,8.88,-28.31,0.050,4.780,7.370
238922,320.25,10.44,-28.25,2.780,4.320,4.550
238936,320.25,11.63,-28.12,7.750,2.380,3.720
238948,321.37,13.13,-27.81,11.400,-0.170,6.610
238960,322.56,12.81,-27.69,14.040,-1.330,1.960
238972,323.38,12.25,-27.62,7.350,0.090,2.550
238986,323.44,12.06,-27.62,4.970,0.720,1.790
238998,322.00,11.94,-27.62,8.180,0.110,3.560
239010,321.56,11.31,-27.44,10.000,0.200,4.760
239022,321.50,10.56,-27.25,8.850,0.330,6.080
239036,321.69,9.88,-27.31,5.200,0.210,7.960
239048,321.69,7.81,-27.87,1.990,3.530,8.330
239061,322.19,6.44,-28.31,-1.370,5.770,11.880
239073,322.06,5.69,-28.94,-4.990,6.640,12.360
239087,322.19,4.94,-29.56,-8.350,9.570,12.510
239099,322.50,3.94,-30.62,-9.880,10.260,13.940
239111,322.75,3.62,-30.88,-9.780,9.860,15.180
239123,322.94,3.62,-31.00,-10.810,10.380,12.870
239137,323.31,3.62,-31.00,-7.390,9.840,11.970
239149,323.75,4.94,-30.75,-2.760,7.280,11.290
239161,323.87,5.75,-30.62,-4.570,6.010,8.210
239173,323.81,6.69,-30.56,-0.550,3.540,8.210
239187,323.62,7.81,-30.37,2.410,2.990,7.300
239199,323.13,10.13,-30.06,5.840,2.240,6.380
239211,323.25,10.81,-29.81,10.470,0.530,6.730
239223,324.00,10.75,-29.50,13.070,-0.060,4.490
239237,324.69,10.31,-29.19,10.920,0.040,4.460
239249,324.56,10.00,-29.19,5.150,-1.420,3.490
239287,322.44,9.06,-28.87,9.000,0.440,5.770
239299,321.94,8.13,-29.06,3.780,1.250,8.780
239311,321.75,7.75,-29.50,2.830,2.000,10.500
239323,321.81,7.25,-30.12,2.440,2.800,10.000
239337,322.06,6.25,-30.75,-2.120,5.970,10.850
239349,322.31,4.87,-32.13,-8.060,9.220,12.790
239362,322.31,4.37,-32.69,-12.930,12.930,11.950
239374,322.50,4.00,-33.00,-12.800,12.420,12.860
239388,322.31,4.00,-33.31,-12.250,11.880,12.010
239400,322.63,4.06,-33.38,-4.720,10.130,10.520
239412,322.69,4.69,-33.19,-2.560,8.350,12.710
239424,322.94,5.31,-33.06,-3.590,7.550,11.820
239438,322.88,5.87,-33.00,0.080,4.490,8.790
239450,322.06,7.87,-32.75,3.970,4.470,6.130
239462,321.75,8.94,-32.56,5.820,3.240,7.480
239474,321.75,9.75,-32.31,8.190,1.380,6.380
239488,322.00,10.13,-32.06,9.970,0.250,5.920
239500,323.56,9.38,-31.31,8.800,0.340,2.540
239512,323.87,9.19,-31.12,4.520,1.190,1.990
239524,323.50,9.06,-31.12,5.970,-0.530,2.210
239538,322.69,9.06,-31.19,4.550,0.840,3.180
239550,321.37,9.50,-31.25,7.080,2.260,5.090
239562,321.25,9.44,-31.31,4.370,2.700,6.700
239574,321.37,9.00,-31.56,3.230,2.410,6.610
239588,321.56,8.19,-31.81,4.180,2.030,5.220
239600,322.12,5.81,-32.56,4.050,2.290,3.830
239612,322.31,4.62,-33.00,2.320,1.860,3.160
239624,322.44,3.44,-33.56,1.760,2.320,3.220
239638,322.69,2.31,-34.13,1.850,0.000,5.790
239650,323.25,0.13,-35.25,1.660,0.460,5.700
239663,323.87,-0.62,-35.81,1.940,0.450,0.000
239675,325.19,-2.06,-36.13,5.540,1.210,1.880
239689,326.88,-3.81,-36.06,-2.110,-1.610,5.440
239701,329.38,-6.19,-36.88,1.780,-0.990,6.960
239713,330.12,-7.94,-37.81,2.540,-0.960,6.270
239725,330.62,-10.00,-39.19,0.800,-0.140,5.480
239739,331.13,-12.50,-40.88,-0.180,1.570,4.690
239751,332.50,-19.00,-45.63,0.000,3.810,0.850
239763,333.69,-22.31,-48.25,-0.630,5.790,-1.390
239775,335.44,-25.62,-50.63,-3.710,6.680,0.400
239789,337.81,-29.37,-52.94,-3.860,6.410,-1.890
239801,343.56,-38.19,-58.00,-11.620,5.890,-3.380
239813,346.87,-43.19,-61.63,-11.580,7.690,-3.890
239825,350.56,-48.87,-66.94,-13.170,6.650,-6.930
239839,354.81,-54.38,-74.81,-12.670,6.750,-13.160
239851,6.37,-63.81,-96.00,-17.280,1.820,-16.050
239863,12.19,-67.12,-108.00,-21.150,5.230,-17.770
239875,16.69,-69.31,-118.81,-23.300,4.890,-17.520
239889,20.62,-70.87,-128.81,-24.140,3.610,-16.590
239901,24.19,-72.19,-142.19,-19.790,1.020,-10.060
239913,23.44,-72.37,-143.81,-16.900,1.190,-7.340
239925,21.31,-72.37,-142.69,-14.220,1.670,-4.830
239939,18.50,-72.56,-139.56,-12.660,1.790,-2.180
239951,14.38,-73.81,-134.25,-8.590,0.260,3.170
239963,13.62,-75.06,-132.69,-10.360,-0.680,3.640
239975,12.88,-75.94,-131.06,-12.480,-2.010,3.480
239989,12.19,-76.75,-129.38,-11.140,-2.180,4.080
240001,10.13,-77.50,-125.31,-11.190,-0.330,4.080
240014,9.50,-78.00,-124.62,-10.950,-1.750,5.680
240026,9.44,-78.12,-125.50,-11.410,-0.970,7.640
240040,9.44,-78.31,-126.38,-10.950,-1.650,5.910
240052,10.31,-77.87,-130.00,-9.690,-0.730,4.800
240064,11.63,-77.87,-132.00,-9.670,-1.800,4.410
240076,12.94,-78.00,-134.12,-9.290,-1.980,3.630
240090,14.31,-78.12,-136.25,-9.530,-1.960,3.460
240102,17.94,-79.25,-137.31,-7.770,-2.170,4.620
240114,20.06,-80.31,-136.37,-6.970,-3.260,4.260
240126,22.31,-81.63,-133.06,-6.560,-3.300,3.760
240140,24.87,-83.19,-174.56,-6.130,-3.260,3.320
240152,30.00,-86.06,-176.06,-5.060,-2.860,3.660
240164,32.63,-86.50,-2.94,-5.110,-3.160,3.550
240176,35.50,-85.81,-1.87,-5.400,-3.490,3.490
240190,38.44,-84.69,-0.62,-5.900,-3.710,3.400
240202,45.00,-82.19,17.44,-10.060,-4.590,3.640
240215,48.31,-80.94,24.69,-11.400,-4.610,3.820
240227,51.56,-79.87,29.69,-11.900,-4.530,2.990
240241,54.63,-79.12,32.75,-11.050,-4.290,2.140
240253,60.31,-77.94,36.50,-9.320,-2.010,0.540
240291,68.00,-76.56,41.63,-8.550,-1.680,-0.200
240303,73.12,-76.44,49.19,-11.680,-1.770,-0.210
240315,76.12,-76.37,53.87,-12.310,-1.050,-0.710
240327,79.44,-75.94,58.44,-13.350,-1.060,-1.660
240341,82.62,-75.44,61.69,-14.930,-1.530,-4.120
240353,87.06,-75.31,64.12,-13.890,-1.360,-5.530
240365,88.19,-75.87,64.62,-12.500,-0.890,-5.380
240377,88.69,-76.56,65.50,-10.970,0.080,-4.610
240391,88.94,-77.44,67.44,-10.140,-0.560,-4.160
240403,89.37,-79.12,76.87,-8.680,-0.920,-3.440
240415,89.56,-79.81,83.25,-9.110,-1.140,-3.230
240427,89.62,-80.38,90.25,-9.380,-1.420,-3.040
240441,89.56,-80.87,97.56,-9.280,-2.800,-3.350
240453,89.19,-81.50,113.06,-11.700,-1.940,-3.470
240465,89.13,-81.37,121.00,-11.960,-2.110,-3.290
240477,89.25,-81.06,127.87,-13.310,-1.880,-3.720
240491,89.50,-80.62,133.06,-13.910,-2.090,-4.570
240503,89.87,-80.31,138.31,-14.560,-2.520,-6.140
240516,89.56,-80.50,141.12,-12.850,-1.770,-6.180
240528,89.00,-80.69,144.69,-11.540,-1.160,-5.760
240542,88.37,-80.81,148.13,-10.550,-1.090,-5.500
240554,87.25,-80.75,152.94,-9.520,-1.780,-4.480
240566,86.56,-80.75,154.94,-9.260,-1.620,-3.960
240578,85.75,-80.94,157.25,-9.150,-1.740,-3.210
240592,85.00,-81.06,159.25,-9.220,-1.860,-2.200
240604,83.31,-81.37,164.50,-8.460,-2.450,-1.930
240616,82.56,-81.31,167.19,-7.980,-2.140,-2.190
240628,81.87,-81.19,169.69,-6.960,-1.380,-1.540
240642,81.31,-81.06,171.44,-7.030,-1.490,-0.900
240654,80.81,-80.75,171.37,-11.460,-2.360,-2.370
240666,80.69,-80.56,170.06,-12.510,-2.400,-1.420
240678,81.00,-80.44,165.81,-14.530,-1.600,-1.230
240692,81.69,-80.62,160.12,-13.790,-1.380,-1.860
240704,82.06,-81.37,152.69,-12.860,-2.350,-0.340
240716,82.12,-81.81,149.12,-12.300,-2.090,-0.280
240728,82.19,-82.19,146.44,-10.750,-1.280,-0.100
240742,82.19,-82.44,145.81,-10.210,-0.960,-0.390
240754,81.87,-82.56,148.94,-9.060,-0.910,-0.500
240766,81.81,-82.62,150.31,-9.570,-1.200,-0.670
240778,81.87,-82.62,151.37,-9.380,-0.920,-0.220
240792,82.12,-82.62,151.75,-9.730,-0.720,0.450
240804,82.81,-82.44,152.69,-9.480,0.100,-0.040
240817,83.06,-82.44,154.31,-9.900,0.280,-1.140
240829,83.25,-82.25,155.81,-10.010,0.190,-1.860
240843,83.31,-82.06,157.50,-9.570,