,-8.240,9.600
325175,57.00,-10.38,53.50,-0.610,-9.170,9.930
325187,57.56,-11.06,53.63,-1.930,-12.260,9.730
325200,58.25,-11.50,54.13,-5.030,-11.710,14.970
325212,59.06,-12.00,55.00,-9.540,-12.350,18.570
325226,59.56,-12.63,55.25,-9.630,-13.720,14.020
325238,59.94,-14.75,54.75,-7.160,-12.040,8.260
325250,59.75,-16.00,54.69,-7.310,-11.720,9.270
325262,59.50,-17.56,54.63,-7.270,-11.700,9.260
325276,59.25,-19.31,54.75,-7.030,-11.340,7.460
325288,58.38,-23.44,55.50,-7.450,-10.670,5.360
325300,57.81,-25.75,56.37,-8.070,-10.520,4.720
325312,57.06,-28.12,57.69,-8.390,-9.530,4.040
325326,56.13,-30.69,59.31,-8.360,-9.220,4.130
325338,54.31,-36.00,63.06,-9.450,-8.370,2.490
325350,53.25,-38.69,65.25,-9.480,-8.210,0.950
325362,52.13,-41.37,67.69,-9.380,-8.030,-0.680
325376,50.50,-44.00,70.50,-8.910,-6.990,-1.420
325388,45.94,-49.19,75.00,-8.650,-7.640,-1.420
325400,43.31,-51.69,76.81,-7.950,-5.680,-1.340
325412,40.12,-54.00,78.87,-6.360,-6.100,-1.560
325426,36.81,-56.25,81.06,-5.860,-4.950,-1.050
325438,29.94,-60.38,85.94,-4.490,-4.030,-1.490
325450,26.56,-62.13,87.88,-3.720,-2.870,-2.050
325462,23.25,-63.63,89.13,-3.390,-2.940,-2.450
325476,19.87,-65.12,90.38,-3.230,-2.580,-2.530
325488,13.69,-67.50,92.31,-3.090,-2.380,-1.450
325500,10.94,-68.44,93.06,-3.160,-2.630,-1.330
325512,8.44,-69.19,93.50,-2.990,-2.580,-1.190
325526,5.87,-70.00,93.94,-3.050,-1.990,-0.130
325538,1.94,-70.87,92.44,-2.540,-2.120,0.020
325577,358.31,-71.06,88.00,-3.980,-3.980,0.460
325589,355.94,-71.00,86.25,-5.510,-4.800,-1.090
325601,354.31,-71.06,86.75,-6.040,-4.670,-0.780
325613,352.50,-71.25,87.69,-6.790,-4.560,0.280
325627,350.62,-71.62,89.06,-7.070,-4.390,1.660
325639,346.87,-72.62,92.69,-6.530,-4.450,1.200
325651,345.06,-73.25,95.00,-6.600,-4.860,0.780
325663,343.31,-73.81,97.75,-6.710,-5.010,0.390
325677,341.56,-74.37,100.75,-7.940,-4.780,0.220
325689,337.63,-75.56,107.19,-9.610,-4.450,-0.470
325701,335.50,-76.25,110.56,-10.650,-4.380,-1.500
325713,333.13,-77.00,114.00,-10.960,-3.950,-1.440
325727,330.75,-77.81,117.56,-10.290,-3.940,-1.210
325739,326.06,-79.25,124.81,-7.340,-1.880,0.530
325751,324.12,-79.94,127.81,-8.140,-1.340,0.880
325763,322.50,-80.50,130.63,-8.990,-0.990,0.270
325777,321.25,-81.00,133.31,-9.660,-0.220,-1.310
325789,319.50,-82.06,137.37,-9.410,0.010,-2.390
325801,318.69,-82.62,138.94,-9.560,-0.980,-2.920
325813,317.56,-83.12,175.69,-9.590,-0.820,-2.700
325827,316.25,-83.62,176.31,-9.320,-0.580,-2.280
325839,313.06,-84.37,177.50,-10.240,0.350,-1.970
325852,311.44,-84.69,178.12,-10.480,0.350,-3.460
325864,309.87,-85.00,178.81,-9.720,-0.240,-3.060
325878,309.94,-83.69,178.38,-9.890,-3.040,2.330
325890,307.75,-84.13,179.94,-10.310,-0.230,0.520
325902,307.00,-84.19,-179.25,-9.810,-0.160,0.160
325914,306.69,-84.19,-178.50,-9.880,0.320,-0.400
325928,306.13,-84.19,-177.69,-8.900,0.110,-0.440
325940,303.37,-84.06,-176.12,-7.700,-1.110,0.210
325952,301.75,-83.75,-175.38,-8.560,0.620,-0.070
325964,300.00,-83.50,-174.50,-8.780,0.410,-0.920
325978,298.25,-83.12,-111.00,-9.540,1.190,1.360
325990,296.31,-82.62,-98.75,-9.460,1.560,1.470
326002,295.88,-82.44,-94.81,-9.540,0.980,0.370
326014,295.69,-82.12,-91.50,-10.170,1.070,-0.640
326028,295.63,-81.87,-88.81,-10.160,1.200,-0.350
326040,295.00,-81.50,-83.12,-15.330,5.630,2.060
326052,295.44,-83.12,-90.50,-7.370,-0.150,-0.070
326064,295.63,-84.13,-174.12,-9.810,1.100,1.130
326078,295.88,-84.94,-174.94,-9.930,1.050,1.020
326090,296.87,-86.63,-176.75,-8.430,0.180,0.240
326102,297.69,-87.37,-177.50,-9.800,-0.560,0.080
326114,298.62,-88.06,-178.12,-9.590,-1.680,0.930
326128,299.50,-88.75,-1.19,-10.110,-0.460,0.730
326140,302.13,-88.56,0.56,-9.200,-1.120,0.690
326152,303.75,-87.31,1.50,-9.630,-1.070,1.030
326164,305.69,-85.94,2.56,-9.880,-0.840,1.000
326178,307.94,-84.37,3.81,-10.490,-1.200,0.820
326190,312.94,-81.06,45.25,-10.730,-1.990,1.180
326203,315.69,-79.25,45.12,-10.220,-2.330,1.610
326215,318.56,-77.31,44.44,-10.450,-2.290,1.160
326229,321.50,-75.06,43.13,-11.540,-2.160,1.000
326241,327.69,-70.37,41.69,-12.500,-3.500,1.100
326253,330.81,-67.75,40.31,-13.950,-4.580,2.160
326265,333.94,-65.12,38.88,-11.600,-3.510,2.180
326279,336.94,-62.38,36.69,-11.950,-3.960,3.280
326291,342.37,-57.06,32.00,-10.640,-3.000,4.100
326303,344.62,-54.38,29.44,-11.000,-2.970,3.720
326315,346.56,-51.75,27.13,-11.180,-2.420,3.530
326329,348.31,-49.13,25.06,-11.710,-2.800,3.770
326341,351.25,-44.69,21.44,-10.500,-4.300,5.270
326353,352.31,-42.62,19.50,-9.260,-4.390,7.230
326365,353.12,-40.63,17.37,-8.240,-3.800,7.370
326379,353.69,-38.75,15.25,-7.660,-2.980,7.190
326391,354.50,-35.44,11.38,-5.830,-0.530,5.660
326403,354.75,-34.00,9.63,-5.370,-0.170,5.400
326415,354.87,-32.56,8.00,-5.100,0.050,5.500
326429,354.94,-31.19,6.44,-3.720,0.040,6.830
326441,355.00,-28.31,3.56,-3.330,0.340,6.570
326454,355.12,-26.87,2.19,-3.380,0.730,5.940
326466,355.06,-25.44,0.81,-2.880,1.230,5.120
326480,354.94,-24.06,-0.37,-1.650,1.520,5.270
326492,354.69,-21.75,-2.00,-1.680,1.320,7.280
326504,354.44,-20.88,-2.56,-0.910,1.610,7.480
326516,354.13,-20.12,-3.06,-0.470,2.140,7.210
326530,353.75,-19.37,-3.62,-0.760,2.510,7.080
326542,353.00,-18.12,-4.75,-1.490,2.770,6.700
326580,351.94,-16.75,-6.06,-1.350,2.430,6.240
326592,351.37,-15.81,-6.44,-1.720,2.310,6.560
326604,351.19,-15.19,-6.44,-1.500,2.010,7.390
326616,351.06,-14.63,-6.37,-1.470,2.020,7.610
326630,351.06,-14.13,-6.19,-1.810,2.120,7.810
326642,351.12,-13.25,-5.56,-1.390,1.840,8.520
326654,351.19,-12.88,-5.12,-1.460,2.180,8.570
326666,351.19,-12.63,-4.69,-1.660,2.030,8.410
326680,351.12,-12.37,-4.06,-2.940,0.560,8.830
326692,350.75,-11.88,-2.94,-1.440,0.590,8.840
326704,350.50,-11.69,-2.44,-1.340,0.610,9.290
326716,350.31,-11.50,-2.06,-1.160,1.070,9.560
326730,350.13,-11.19,-1.87,-1.360,0.870,9.280
326742,350.13,-10.31,-1.69,-1.620,0.420,8.380
326755,350.31,-9.81,-1.56,-1.490,0.670,8.520
326767,350.50,-9.25,-1.44,-0.820,0.890,8.950
326781,350.62,-8.63,-1.31,0.090,0.400,7.880
326793,351.06,-7.31,-0.62,-1.030,0.110,10.180
326805,351.37,-7.00,-0.25,-0.650,-0.800,9.930
326817,351.69,-6.75,0.13,0.020,0.680,9.560
326831,352.00,-6.62,0.56,-0.070,-0.540,9.770
326843,352.50,-6.69,1.87,0.280,-1.550,9.890
326855,352.50,-6.75,2.62,-1.650,-1.380,10.000
326867,352.19,-7.00,3.12,-0.540,-1.090,8.930
326881,351.88,-7.25,3.37,-0.650,-0.620,9.300
326893,350.94,-7.50,3.69,-1.270,-1.560,8.850
326905,350.19,-7.37,3.75,-0.660,-0.900,9.020
326917,349.37,-7.00,3.69,-0.180,-0.450,7.300
326931,348.75,-6.69,3.62,0.630,-0.110,8.750
326943,348.00,-6.06,3.50,0.840,-0.010,10.050
326955,347.81,-5.81,3.37,0.820,0.200,10.490
326967,347.50,-5.50,3.37,0.310,0.060,10.930
326981,347.12,-5.31,3.37,0.590,-0.090,9.980
326993,346.19,-5.00,3.75,1.040,-1.840,7.990
327005,345.56,-4.87,3.87,1.520,-1.760,7.900
327017,344.94,-4.75,4.06,1.550,-1.590,8.220
327031,344.31,-4.62,4.19,0.720,-0.930,8.970
327043,343.00,-4.56,4.62,0.480,1.620,10.230
327056,342.37,-4.69,4.94,-0.130,0.830,9.630
327068,341.69,-4.87,5.31,-1.670,-0.060,8.890
327082,341.00,-5.19,5.87,-4.750,-1.680,8.360
327094,339.81,-6.06,7.37,-6.730,-2.660,8.170
327106,339.06,-6.50,7.87,-6.830,-2.760,8.700
327118,338.12,-6.75,8.13,-6.860,-3.170,9.360
327132,337.19,-7.00,8.44,-6.260,-2.660,10.400
327144,335.31,-7.62,9.06,-3.210,-1.350,10.750
327156,334.31,-7.81,9.63,-2.150,-1.730,9.210
327168,333.25,-7.94,10.19,-1.160,-1.650,9.440
327182,332.37,-8.00,10.88,0.510,-0.870,9.780
327194,330.94,-8.50,11.56,4.830,-2.150,9.160
327206,330.06,-8.56,11.31,4.730,-3.780,10.100
327218,329.13,-8.56,11.25,4.180,-3.440,10.190
327232,328.37,-8.56,11.31,4.070,-2.880,10.330
327244,327.25,-8.44,11.44,5.410,-1.400,11.780
327256,326.75,-8.44,11.50,3.730,-2.610,10.530
327268,326.06,-8.50,11.56,3.250,-0.580,9.530
327282,325.13,-8.44,11.50,2.870,-2.570,7.920
327294,323.87,-8.88,11.50,-3.980,-3.160,6.410
327306,322.81,-9.06,11.38,-8.200,0.620,10.010
327318,322.06,-9.31,11.38,-8.740,1.330,10.480
327332,321.31,-9.50,11.38,-11.310,0.790,8.550
327344,320.19,-9.81,11.44,-12.150,1.940,10.430
327357,319.87,-9.88,11.44,-9.200,-0.190,7.960
327369,319.62,-9.81,11.44,-7.620,-1.590,3.930
327383,319.06,-9.50,11.44,-5.600,0.100,9.710
327395,317.69,-8.75,11.38,-0.670,-3.320,11.280
327407,317.00,-8.44,11.31,2.900,-2.010,9.040
327419,316.44,-8.19,11.25,5.060,-1.950,9.980
327433,316.00,-8.06,11.19,7.290,-2.650,9.150
327445,315.25,-8.00,11.12,6.220,-4.330,10.130
327457,314.75,-8.06,11.19,6.720,-4.750,9.130
327469,314.25,-8.13,11.25,6.290,-4.680,10.140
327483,313.62,-8.31,11.38,5.850,-4.060,10.570
327495,311.94,-8.69,11.50,3.310,-2.670,11.430
327507,311.12,-8.88,11.38,-0.440,-2.790,11.020
327519,310.50,-9.25,11.19,-2.440,-2.170,9.260
327533,310.13,-9.75,10.94,-4.420,-1.210,7.810
327545,309.75,-10.38,10.75,-10.960,-0.030,7.470
327583,309.06,-9.50,11.12,-7.910,-0.370,9.490
327595,308.56,-8.25,11.38,-6.250,-0.550,10.690
327607,308.63,-8.00,11.50,0.450,-0.640,7.870
327619,309.00,-7.87,11.63,0.480,-1.240,9.550
327633,309.12,-7.62,11.63,2.870,-0.950,9.610
327645,310.25,-7.06,11.63,6.500,-3.340,7.760
327658,310.75,-6.69,11.50,6.330,-3.320,8.790
327670,311.25,-6.31,11.38,6.270,-4.910,8.490
327684,311.56,-6.12,11.25,5.520,-5.000,8.300
327696,311.37,-5.94,11.00,6.450,-3.670,9.880
327708,311.06,-5.75,10.88,6.440,-2.540,11.050
327720,311.00,-5.56,10.81,2.930,-3.220,12.010
327734,311.00,-5.69,10.69,-0.950,-2.210,10.020
327746,311.25,-6.37,10.31,-6.530,-0.700,8.410
327758,311.31,-6.56,10.19,-10.760,1.050,7.470
327770,311.37,-6.56,10.13,-12.840,1.560,8.180
327784,311.31,-6.37,10.00,-12.210,2.500,6.440
327796,311.37,-5.00,9.88,-9.190,0.860,8.920
327808,311.50,-4.31,9.81,-6.410,-0.130,9.940
327820,311.81,-3.87,9.75,-4.980,-1.590,10.970
327834,312.38,-3.87,9.69,1.590,-1.150,8.400
327846,313.87,-3.44,9.38,9.450,-1.220,9.800
327858,315.50,-3.25,9.19,10.850,-4.910,12.150
327870,316.75,-3.06,8.88,8.910,-3.410,9.470
327884,317.25,-2.87,8.56,5.800,-2.230,8.530
327896,316.75,-2.62,7.87,6.780,-1.840,7.620
327908,316.31,-2.50,7.75,7.560,-2.360,8.490
327920,316.00,-2.50,7.75,7.480,-2.040,10.410
327934,315.87,-2.56,7.81,6.440,-2.460,11.200
327946,315.81,-3.44,7.69,-4.050,-0.890,9.680
327959,315.62,-3.94,7.44,-6.740,0.670,8.350
327971,315.56,-4.31,7.19,-9.530,3.250,9.050
327985,315.56,-4.56,7.00,-9.950,3.960,7.800
327997,315.81,-4.25,6.87,-9.510,4.300,8.230
328009,316.06,-3.75,6.94,-8.960,1.630,8.560
328021,316.25,-3.31,7.06,-7.080,0.540,9.700
328035,316.56,-3.12,7.12,-3.480,-1.280,10.190
328047,317.37,-3.37,7.19,4.210,-2.590,10.480
328059,317.69,-3.25,7.19,6.980,-2.690,10.710
328071,318.37,-3.19,7.19,9.810,-3.630,11.520
328085,319.13,-3.12,7.19,9.260,-4.240,11.880
328097,319.37,-3.00,7.00,6.200,-1.040,9.490
328109,319.13,-2.81,6.94,6.090,-0.770,9.390
328121,318.88,-2.62,6.94,6.240,-2.830,9.140
328135,318.75,-2.50,6.94,4.180,-3.200,9.190
328147,318.94,-2.94,6.81,-4.470,-0.420,7.880
328159,319.06,-3.44,6.62,-6.530,0.020,7.870
328171,319.19,-3.62,6.56,-8.830,0.620,9.280
328185,319.31,-3.81,6.56,-10.150,1.700,8.360
328197,319.69,-3.50,6.50,-7.290,2.390,9.230
328209,319.87,-2.94,6.62,-6.310,1.450,9.970
328221,320.25,-2.44,6.69,-4.930,1.970,10.470
328235,320.63,-2.19,6.75,-2.290,1.100,10.190
328247,321.81,-2.19,6.87,3.490,1.110,7.200
328259,322.31,-2.06,6.94,5.770,0.100,8.800
328271,322.56,-1.87,7.06,8.640,-0.120,8.550
328285,322.88,-1.87,7.12,10.450,-0.860,9.620
328297,323.25,-2.06,7.37,8.900,-2.730,8.530
328310,323.06,-2.12,7.44,8.310,-3.090,8.630
328322,322.75,-2.12,7.56,7.480,-3.570,9.550
328336,322.56,-2.12,7.56,1.340,-4.980,11.320
328348,322.00,-3.00,7.31,-6.970,-0.560,8.550
328360,321.69,-3.44,7.12,-9.550,-0.190,8.130
328372,321.37,-3.69,6.94,-11.750,2.210,8.490
328386,321.13,-3.75,6.87,-9.980,1.610,8.340
328398,320.88,-3.00,6.81,-6.090,1.400,10.950
328410,320.88,-2.62,6.81,-4.410,0.940,12.170
328422,321.00,-2.31,6.81,-1.810,0.520,11.720
328436,321.31,-2.31,6.75,1.450,0.790,9.920
328448,321.87,-2.00,6.69,5.840,0.070,8.980
328460,322.12,-1.75,6.69,7.330,-0.530,9.640
328472,322.37,-1.56,6.75,9.350,-1.750,10.220
328486,322.63,-1.50,6.81,8.820,-1.850,9.830
328498,322.31,-1.25,7.00,6.700,-1.530,7.810
328510,322.12,-1.12,7.12,5.030,-2.000,9.030
328522,322.12,-1.06,7.25,4.320,-3.260,10.280
328536,322.31,-1.19,7.31,1.580,-4.530,11.470
328548,322.44,-2.00,7.19,-2.170,-2.560,9.550
328587,323.44,-2.50,6.62,-11.470,1.450,6.360
328599,323.75,-2.75,6.44,-8.960,1.780,8.290
328611,324.12,-2.44,6.50,-7.260,1.890,8.960
328623,324.25,-2.00,6.69,-6.630,0.690,9.520
328637,324.25,-1.62,6.87,-3.860,0.850,9.200
328649,324.50,-1.06,7.00,2.520,-1.580,10.660
328661,324.69,-0.62,7.00,3.440,-2.320,9.780
328673,324.69,-0.31,7.00,5.680,-2.440,9.100
328687,324.62,-0.13,7.06,6.680,-3.240,9.910
328699,323.94,-0.19,7.19,9.300,-3.180,9.390
328711,323.50,-0.31,7.19,8.600,-3.870,8.930
328723,323.00,-0.50,7.25,7.400,-3.810,9.560
328737,322.31,-0.69,7.31,5.830,-2.990,10.540
328749,321.06,-1.12,7.25,1.600,-1.450,10.640
328761,320.69,-1.44,7.06,-2.780,0.610,8.830
328773,320.56,-1.75,6.87,-4.960,1.710,8.260
328787,320.56,-1.94,6.75,-8.490,3.160,8.020
328799,320.37,-2.25,6.69,-9.200,4.380,7.730
328811,320.12,-1.87,6.81,-9.570,3.230,9.930
328823,319.94,-1.44,7.00,-7.450,1.440,7.990
328837,319.94,-1.31,7.12,-3.620,-0.540,10.320
328849,320.19,-1.50,7.50,2.540,-2.410,10.640
328861,320.56,-1.62,7.69,5.090,-3.190,10.180
328873,320.94,-1.69,7.81,10.890,-4.710,10.840
328887,321.62,-1.62,7.87,10.770,-5.800,11.890
328899,322.00,-1.56,7.87,6.270,-2.990,9.770
328912,321.50,-1.44,7.75,7.010,-1.810,9.900
328924,320.88,-1.25,7.69,7.590,-2.540,9.960
328938,320.44,-1.00,7.62,6.250,-2.740,10.840
328950,320.63,-1.25,7.31,-5.170,-0.810,8.630
328962,320.81,-1.75,7.06,-7.090,0.610,7.070
328974,320.75,-1.94,6.94,-9.180,2.170,7.470
328988,320.63,-1.94,6.87,-11.050,3.330,7.180
329000,320.19,-1.37,7.06,-8.090,3.590,9.800
329012,320.00,-0.81,7.25,-4.660,1.360,9.190
329024,319.75,-0.31,7.50,-5.240,0.760,11.130
329038,319.69,-0.19,7.75,-0.230,-0.340,9.390
329050,320.06,-0.75,8.13,8.050,-1.640,9.170
329062,320.56,-0.81,8.25,10.740,-3.050,8.350
329074,321.19,-0.81,8.44,10.220,-5.080,9.210
329088,321.37,-0.62,8.56,7.780,-5.160,9.330
329100,320.88,-1.12,8.63,6.380,-3.200,10.110
329112,320.06,-1.12,8.63,6.440,-1.840,11.240
329124,319.37,-1.00,8.56,5.050,-4.400,10.900
329138,319.13,-1.06,8.44,-0.130,-3.560,11.460
329150,318.75,-2.12,7.87,-5.180,-0.050,6.930
329162,318.44,-2.37,7.56,-9.700,3.270,8.670
329174,318.25,-2.31,7.31,-9.730,2.980,7.820
329188,318.25,-2.25,7.06,-11.110,3.270,7.900
329200,318.37,-0.81,6.94,-8.490,2.790,9.010
329213,318.63,0.00,6.94,-7.020,1.930,8.760
329225,318.81,0.75,7.12,-7.460,2.600,10.960
329239,319.50,0.75,7.25,4.550,1.070,8.570
329251,321.56,0.37,7.69,14.380,-3.380,11.200
329263,322.88,0.37,7.75,12.090,-4.140,9.090
329275,323.56,0.50,7.56,6.850,-3.460,7.230
329289,323.44,0.37,7.25,6.970,-6.100,6.170
329301,322.00,0.50,6.81,10.710,-2.500,12.220
329313,321.37,0.69,6.81,10.480,-3.000,13.040
329325,321.06,0.69,6.75,6.420,-3.750,11.800
329339,320.88,0.13,6.62,-1.860,-1.080,9.790
329351,320.37,-1.12,6.00,-15.000,4.320,6.920
329363,320.25,-1.50,5.87,-14.450,5.380,6.540
329375,320.06,-1.50,5.81,-10.070,3.480,8.050
329389,319.94,-1.19,5.87,-8.170,2.410,11.190
329401,319.87,0.00,6.25,-5.710,0.730,11.490
329413,320.00,0.19,6.37,-0.320,-0.680,11.940
329425,320.19,0.06,6.50,4.390,0.170,8.800
329439,320.56,-0.13,6.56,5.090,-0.160,9.140
329451,320.94,0.13,6.62,8.890,-1.640,9.410
329464,321.19,0.19,6.62,10.010,-2.860,9.920
329476,321.31,0.25,6.75,9.550,-2.790,9.620
329490,321.19,0.25,6.81,7.940,-3.610,8.030
329502,320.44,0.62,7.00,6.150,-3.420,11.000
329514,320.25,0.75,7.06,7.400,-4.560,10.880
329526,320.25,0.56,7.06,2.240,-4.110,9.010
329540,320.12,-0.19,6.87,1.650,-2.070,8.810
329552,319.87,-1.31,6.31,-6.490,2.320,9.050
329590,319.75,-2.00,6.00,-10.100,4.980,6.820
329602,319.44,-1.37,6.50,-7.390,1.140,10.770
329614,319.31,-0.81,6.81,-5.860,1.810,9.460
329626,319.37,-0.50,7.12,-0.410,-0.140,9.580
329640,319.31,-0.25,7.37,0.360,-0.710,11.470
329652,319.44,-0.69,7.75,9.410,-2.160,9.280
329664,319.81,-1.12,7.94,10.820,-3.250,9.560
329676,319.94,-1.37,8.06,9.660,-2.960,9.660
329690,319.87,-1.50,8.19,8.720,-2.900,8.950
329702,319.25,-1.56,8.25,6.870,-3.250,10.610
329714,319.00,-1.62,8.25,4.990,-3.260,11.360
329726,319.00,-1.81,8.19,2.190,-3.900,12.390
329740,319.13,-2.44,8.00,-5.130,-0.610,8.950
329752,319.19,-3.50,7.44,-7.930,0.250,8.540
329765,319.19,-3.75,7.31,-11.770,2.810,9.760
329777,319.19,-3.94,7.25,-8.930,2.870,6.410
329791,319.06,-4.00,7.31,-7.310,4.270,10.680
329803,319.19,-3.25,7.87,-4.840,0.940,9.160
329815,319.37,-3.00,8.19,-2.830,-0.960,8.660
329827,319.44,-2.94,8.44,-0.590,-2.970,10.880
329841,319.31,-3.19,8.69,5.340,-0.260,6.770
329853,319.06,-3.25,9.06,7.440,-5.650,10.920
329865,319.13,-3.19,9.19,6.490,-4.580,10.580
329877,319.13,-3.19,9.25,5.540,-5.700,10.590
329891,319.00,-3.06,9.19,4.510,-3.910,11.160
329903,318.37,-2.87,8.81,1.430,-1.590,10.100
329915,318.25,-2.94,8.56,-6.770,2.660,7.120
329927,318.12,-2.94,8.25,-8.600,4.370,5.920
329941,317.87,-2.69,8.13,-8.350,4.330,7.660
329953,317.50,-1.81,8.06,-3.420,0.420,9.650
329965,317.87,-1.87,8.25,-5.570,-1.300,10.710
329977,317.56,-1.69,8.31,-2.660,0.780,8.500
329991,317.25,-1.50,8.38,2.180,0.610,8.930
330003,316.63,-1.31,8.63,1.460,-0.540,9.740
330015,316.19,-1.31,8.69,4.490,-0.230,7.780
330027,315.94,-1.44,8.88,7.100,-2.350,9.260
330041,315.62,-1.56,9.00,8.150,-3.110,9.760
330053,315.06,-1.94,9.38,8.890,-4.280,10.090
330066,314.63,-2.00,9.38,5.950,-4.410,9.470
330078,314.06,-1.87,9.31,5.370,-4.970,9.370
330092,313.56,-1.69,9.25,3.790,-4.860,10.300
330104,313.37,-1.94,8.50,-4.980,-1.050,9.150
330116,313.37,-2.06,8.06,-8.660,1.130,8.560
330128,313.06,-1.94,7.75,-11.440,3.100,7.580
330142,312.63,-1.25,7.62,-9.710,5.730,8.890
330154,312.25,-0.13,7.94,-7.270,3.320,8.840
330166,311.94,0.25,8.13,-2.060,2.270,11.510
330178,312.56,0.06,8.44,6.050,0.230,7.590
330192,313.25,0.31,8.69,9.140,-1.220,8.380
330204,314.44,1.31,9.25,12.310,-7.750,8.240
330216,314.56,1.31,9.25,5.580,-6.920,8.100
330228,314.12,0.75,9.00,5.300,-7.090,7.070
330242,313.19,0.56,8.75,6.300,-0.390,8.970
330254,312.12,0.25,8.44,7.180,-4.540,10.600
330266,312.06,0.00,8.38,4.950,-3.650,11.250
330278,312.06,-0.37,8.19,2.640,-4.190,11.090
330292,312.19,-1.00,7.94,-0.760,-3.090,10.950
330304,311.56,-1.50,7.37,-5.760,3.320,8.720
330316,311.50,-1.62,7.19,-7.300,5.040,7.350
330328,311.44,-1.62,7.06,-10.580,5.820,7.480
330342,311.31,-1.25,7.12,-10.380,5.870,7.320
330354,311.37,0.00,7.56,-7.530,1.810,9.630
330366,311.37,0.37,7.81,-5.120,0.470,10.060
330378,311.12,0.88,8.06,-1.560,-1.160,10.270
330392,310.75,1.25,8.44,3.800,-1.600,11.870
330404,311.25,1.12,8.81,10.500,-4.930,10.090
330417,311.50,1.12,8.94,10.460,-4.810,8.830
330429,311.44,1.25,9.00,8.480,-4.890,7.530
330443,311.31,1.31,9.06,6.640,-3.940,8.310
330455,311.62,0.88,8.94,7.770,-4.970,10.460
330467,312.00,0.56,8.88,6.760,-5.300,9.800
330479,312.50,0.13,8.69,3.810,-4.590,9.240
330493,312.81,-0.13,8.56,2.970,-4.060,7.580
330505,313.25,-0.50,8.19,-4.620,1.910,8.370
330517,313.31,-0.75,8.00,-6.620,3.430,7.340
330529,313.56,-0.88,7.94,-6.030,6.040,5.630
330543,313.87,-0.94,8.00,-10.130,6.080,9.430
330555,314.31,-0.88,8.44,-7.170,3.650,6.960
330593,314.88,0.25,9.44,-0.650,-1.350,8.330
330605,315.00,0.50,10.13,7.410,-3.170,8.640
330617,314.94,0.56,10.50,9.010,-3.840,9.200
330629,315.00,0.37,10.81,8.870,-4.220,9.360
330643,315.25,0.06,11.00,7.640,-4.700,9.740
330655,315.56,-0.88,11.06,3.770,-4.990,11.820
330667,315.75,-1.31,10.94,0.610,-0.110,9.940
330679,316.25,-1.75,10.69,-3.170,0.080,9.260
330693,316.75,-2.12,10.50,-7.350,0.810,8.850
330705,317.19,-2.37,10.50,-5.720,0.160,10.750
330718,317.25,-2.37,10.63,-3.910,0.130,10.740
330730,317.31,-2.37,10.81,-2.610,-0.440,10.890
330744,317.50,-2.44,11.00,-1.220,-0.300,10.510
330756,318.06,-2.56,11.63,0.870,0.380,8.990
330768,318.31,-2.62,11.94,0.880,0.000,8.550
330780,318.50,-2.69,12.19,-0.860,-0.640,8.940
330794,318.69,-2.69,12.37,-2.310,-0.610,9.470
330806,319.06,-2.69,12.81,-3.400,-0.600,9.810
330818,319.25,-2.69,13.00,-2.730,-0.920,10.370
330830,319.50,-2.69,13.25,-1.940,-1.470,10.200
330844,319.69,-2.69,13.44,-0.770,-2.050,10.020
330856,320.37,-2.69,13.94,2.850,-5.520,8.890
330868,320.75,-2.69,14.25,4.300,-6.340,9.210
330880,321.06,-2.62,14.44,4.480,-7.040,9.440
330894,321.37,-2.37,14.38,4.300,-7.970,8.830
330906,321.87,-1.44,13.81,4.550,-7.350,9.560
330918,322.06,-0.81,13.50,4.110,-5.130,10.170
330930,322.50,-0.37,13.19,2.220,-1.890,10.320
330944,323.00,-0.31,12.75,-1.220,0.850,8.050
330956,323.44,0.37,12.31,-2.830,3.130,8.930
330968,323.81,0.50,12.25,-3.880,3.740,8.920
330980,324.00,0.56,12.31,-5.140,4.320,8.650
330994,324.06,0.81,12.44,-3.940,4.800,7.850
331006,324.00,1.12,12.88,-4.030,3.690,8.260
331019,323.94,1.12,13.13,-2.920,2.180,8.120
331031,323.87,1.06,13.38,1.590,-2.100,7.730
331045,323.87,0.88,13.75,2.750,-3.740,7.980
331057,323.69,0.62,14.31,4.710,-8.270,10.230
331069,323.56,0.56,14.31,6.040,-9.750,10.820
331081,323.38,0.62,14.13,6.430,-8.910,10.140
331095,323.44,0.88,13.69,6.700,-8.670,9.410
331107,323.44,1.87,12.69,3.900,-6.060,9.700
331119,323.38,2.25,12.06,0.920,-2.770,9.510
331131,323.19,2.62,11.44,0.260,-1.260,7.270
331145,323.06,3.12,10.81,-3.140,3.100,8.200
331157,323.13,3.94,10.13,-6.030,5.090,8.310
331169,323.06,4.25,10.00,-5.520,4.480,7.360
331181,322.75,4.75,10.06,-3.890,3.910,9.420
331195,322.19,4.94,10.13,-2.000,3.890,8.050
331207,321.19,4.69,10.38,1.350,1.370,8.350
331219,320.63,4.37,10.63,4.550,0.130,6.300
331231,320.06,4.19,10.88,6.340,0.160,6.380
331245,319.56,4.19,11.06,6.550,-2.360,9.350
331257,318.88,3.56,11.31,10.980,-5.350,9.380
331270,318.50,3.31,11.31,9.380,-5.070,9.950
331282,318.06,3.19,11.25,8.980,-5.440,8.810
331296,317.81,3.12,11.19,6.570,-6.660,11.730
331308,317.13,2.81,10.38,0.000,-3.380,10.080
331320,317.00,2.69,9.75,-4.880,0.980,8.060
331332,316.69,2.81,9.06,-7.010,2.890,8.730
331346,316.31,3.19,8.56,-9.480,4.100,9.760
331358,315.69,3.94,8.31,-7.170,4.800,10.990
331370,315.37,4.50,8.44,-6.790,3.620,10.880
331382,315.19,4.56,8.56,-5.080,2.930,10.510
331396,315.12,4.44,8.69,2.420,0.550,7.490
331408,314.94,5.00,9.13,3.910,-0.580,8.970
331420,314.81,5.19,9.25,4.920,-3.870,8.350
331432,314.69,5.00,9.38,9.430,-5.840,9.480
331446,314.50,4.81,9.38,10.310,-6.610,10.500
331458,314.06,4.56,9.31,10.300,-4.320,9.520
331470,313.94,4.44,9.19,10.550,-4.470,9.640
331482,313.94,4.25,9.06,9.380,-3.300,8.990
331496,313.94,4.12,8.81,4.430,-4.920,12.010
331508,314.12,3.50,8.00,-4.170,2.580,9.120
331520,314.38,3.37,7.69,-7.120,2.830,9.150
331532,314.56,3.25,7.50,-7.460,3.270,8.200
331546,314.69,3.19,7.44,-9.460,3.430,10.140
331558,314.63,3.69,7.69,-4.510,1.970,10.720
331597,314.69,4.37,8.25,0.280,0.180,10.650
331609,315.19,3.94,8.19,6.480,-1.580,8.960
331621,315.56,3.81,8.19,6.800,-1.850,8.520
331633,315.87,3.81,8.25,6.720,-2.220,8.830
331647,316.19,3.87,8.31,6.530,-3.780,9.110
331659,316.50,4.25,8.38,5.110,-3.790,8.830
331671,316.69,4.44,8.31,3.200,-3.220,9.790
331683,316.94,4.56,8.19,1.830,-0.760,10.560
331697,317.25,4.50,8.06,-0.150,0.430,9.720
331709,317.69,4.19,7.94,-2.960,4.350,7.790
331721,317.75,4.19,8.00,-3.760,6.270,7.020
331733,317.62,4.25,8.38,-3.170,6.340,7.270
331747,317.37,4.31,8.81,-2.500,5.650,7.460
331759,316.69,4.44,10.00,-0.830,1.050,10.130
331771,316.69,4.06,10.63,0.620,-0.420,10.020
331783,317.00,3.62,11.19,0.870,-0.140,8.740
331797,317.75,3.37,11.63,5.400,-8.550,11.170
331809,318.50,3.50,12.37,5.510,-11.220,12.940
331821,318.69,3.44,12.37,5.350,-10.800,12.570
331833,318.75,3.37,12.19,4.920,-10.190,12.100
331847,318.69,3.25,11.75,5.260,-9.140,9.060
331859,317.81,4.31,10.75,0.420,-0.970,7.870
331871,318.00,4.56,10.13,-0.580,0.580,6.860
331883,318.19,4.75,9.56,-1.640,1.360,6.640
331897,318.31,4.87,9.19,-2.130,2.060,6.700
331909,318.50,5.12,8.81,-0.820,2.160,7.700
331922,318.44,5.31,8.75,-1.240,2.930,8.420
331934,318.44,5.37,8.69,-0.850,3.330,8.340
331948,318.31,5.37,8.69,-0.510,3.440,8.830
331960,318.00,5.31,8.94,0.750,1.680,8.780
331972,317.81,5.25,9.06,0.060,0.070,9.440
331984,317.56,5.19,9.31,0.170,-0.820,10.150
331998,317.25,5.12,9.56,0.270,-1.560,10.830
332010,316.75,4.75,9.81,0.030,-2.740,11.200
332022,316.75,4.50,9.81,0.830,-3.560,10.540
332034,316.69,4.37,9.81,1.670,-4.080,10.430
332048,316.63,4.44,9.81,4.590,-4.280,10.360
332060,316.44,4.87,9.56,5.410,-4.480,9.850
332072,316.38,5.12,9.31,4.560,-3.570,10.180
332084,316.50,5.25,9.00,3.470,-1.770,9.610
332098,316.69,5.19,8.69,2.450,-0.660,9.350
332110,316.81,5.06,8.06,-0.650,3.580,8.750
332122,316.75,5.12,7.94,-0.360,3.110,7.970
332134,316.63,5.19,7.87,-0.910,3.020,7.540
332148,316.44,5.37,7.94,-0.860,3.560,7.300
332160,315.75,5.87,8.31,-2.650,1.180,8.360
332172,315.37,6.12,8.56,-2.120,-0.100,8.650
332184,315.06,6.37,8.88,0.860,-2.740,9.510
332198,314.75,6.75,9.19,2.050,-3.980,10.120
332210,314.31,7.00,9.38,4.680,-5.340,9.750
332222,314.12,6.94,9.31,8.010,-5.290,9.820
332234,313.94,6.87,9.19,8.270,-4.460,10.000
332248,313.81,6.69,8.94,9.130,-4.070,9.180
332260,313.81,6.19,8.44,5.870,-1.530,9.030
332273,313.87,5.75,8.13,3.620,-0.330,8.080
332285,314.00,5.31,7.81,0.090,1.460,8.130
332299,314.12,5.00,7.56,-1.870,3.230,8.170
332311,314.31,5.00,7.50,-5.080,3.150,9.740
332323,314.31,4.87,7.56,-6.250,3.110,9.580
332335,314.19,4.87,7.62,-3.790,2.390,8.270
332349,313.87,5.06,7.81,-4.370,2.460,10.610
332361,313.62,5.31,8.31,-1.490,-0.420,9.890
332373,313.50,5.50,8.63,-0.360,-1.580,10.230
332385,313.25,5.75,9.00,1.530,-2.810,10.270
332399,312.88,6.00,9.31,3.490,-4.050,10.370
332411,312.38,6.44,9.69,5.350,-4.700,10.100
332423,312.19,6.50,9.75,9.250,-6.680,8.440
332435,311.94,6.62,9.75,8.930,-5.860,9.100
332449,311.94,6.50,9.63,8.150,-5.300,8.130
332461,312.25,6.25,9.19,6.690,-3.520,8.000
332473,312.56,6.25,9.00,3.680,-1.750,9.440
332485,312.94,6.06,8.75,-0.480,-0.570,9.070
332499,313.19,5.56,8.31,-3.780,1.680,6.800
332511,313.44,5.19,8.00,-5.550,4.080,8.580
332524,313.50,5.06,8.00,-5.800,3.800,8.740
332536,313.31,5.06,8.19,-2.890,3.190,7.700
332550,313.12,5.44,8.63,-2.420,3.420,9.250
332562,313.00,5.75,9.44,-1.330,2.710,8.920
332600,312.38,6.25,10.75,1.250,-1.940,10.420
332612,312.75,5.56,11.38,3.810,-4.260,8.720
332624,312.94,5.19,11.63,4.820,-5.030,9.080
332636,313.00,4.94,11.88,6.410,-5.970,8.860
332650,313.19,4.81,12.06,7.270,-7.180,9.840
332662,313.12,4.81,12.19,7.050,-8.000,9.650
332674,313.00,5.00,12.06,6.650,-7.840,9.340
332686,312.81,5.19,11.81,6.410,-7.300,8.840
332700,312.75,5.19,11.38,2.010,-4.300,9.240
332712,312.94,4.75,10.25,-0.170,-0.860,8.420
332724,313.12,4.75,9.69,-2.420,2.210,8.480
332736,313.37,4.75,9.25,-2.420,3.370,8.300
332750,313.56,4.75,8.94,-2.410,4.550,8.260
332762,313.87,4.56,8.63,-3.110,4.750,7.750
332774,313.81,4.56,8.69,-1.840,4.960,8.450
332786,313.62,4.87,8.94,-2.720,5.110,9.130
332800,313.44,5.00,9.25,-2.430,3.750,8.460
332812,312.69,5.25,10.13,-0.190,0.780,9.330
332824,312.25,5.31,10.56,-0.760,0.210,10.300
332836,312.12,4.94,10.81,1.540,-3.310,9.830
332850,311.94,4.56,11.06,2.000,-4.730,9.710
332862,311.69,3.94,11.44,2.930,-6.460,10.010
332875,311.69,3.75,11.44,4.650,-7.960,9.850
332887,311.69,3.69,11.44,4.830,-7.780,9.920
332901,311.75,3.69,11.38,5.030,-8.100,9.870
332913,312.00,3.75,10.94,4.660,-5.260,8.830
332925,312.06,3.87,10.63,4.670,-4.720,8.760
332937,312.19,4.00,10.31,4.900,-5.220,8.080
332951,312.25,4.25,10.13,4.330,-5.140,8.460
332963,312.75,4.31,9.44,3.050,-2.210,9.410
332975,313.19,4.37,9.13,0.790,0.940,10.250
332987,313.62,4.19,8.75,0.180,2.710,9.620
333001,314.19,4.00,8.38,-1.120,3.350,9.390
333013,315.00,3.75,7.94,-5.680,6.200,8.980
333025,315.25,3.62,7.87,-5.070,6.310,7.720
333037,315.19,3.75,7.94,-4.110,6.480,8.140
333051,314.94,4.19,8.19,-3.200,6.800,9.470
333063,314.56,4.94,9.06,-2.920,3.030,9.950
333075,314.12,5.31,9.63,-2.410,2.670,9.760
333087,313.75,5.31,10.13,0.720,-0.310,8.980
333101,313.37,5.25,10.56,1.650,-1.370,7.610
333113,312.50,5.00,11.38,2.140,-4.440,9.260
333125,312.12,4.81,11.63,3.220,-5.400,9.090
333137,311.81,4.56,11.81,3.720,-6.860,10.120
333151,311.50,4.37,11.94,4.230,-6.620,9.910
333163,311.06,3.94,12.00,5.620,-6.400,9.340
333175,310.94,3.75,11.88,5.940,-6.390,9.020
333187,310.94,3.62,11.75,5.450,-6.240,8.920
333201,311.00,3.44,11.69,3.480,-3.200,8.540
333213,311.00,3.37,11.44,3.050,-0.970,9.330
333226,311.12,3.37,11.25,0.670,0.990,9.200
333238,311.31,3.37,11.06,-0.950,1.850,9.270
333252,311.50,3.44,10.94,-3.090,2.570,9.600
333264,311.69,3.37,10.63,-5.360,2.970,9.520
333276,311.62,3.25,10.63,-3.990,2.690,9.810
333288,311.56,3.06,10.69,-2.790,2.490,10.810
333302,311.56,2.81,10.81,-2.970,2.950,10.030
333314,311.56,2.37,11.25,-0.030,-0.740,9.250
333326,311.69,2.12,11.56,1.310,-1.220,9.250
333338,311.75,1.87,11.88,4.350,-5.970,10.210
333352,311.94,1.62,12.25,6.980,-8.060,11.350
333364,313.06,1.44,13.06,6.880,-8.340,9.480
333376,313.31,1.50,13.13,5.380,-7.500,9.440
333388,313.56,1.62,12.88,5.260,-6.360,8.850
333402,313.75,1.81,12.37,5.060,-5.950,8.840
333414,313.87,2.69,11.38,5.220,-2.500,9.740
333426,314.38,3.19,10.88,3.860,-3.330,10.700
333438,314.75,3.62,10.38,-0.170,-1.230,10.410
333452,314.88,3.87,9.88,-2.550,4.050,7.130
333464,314.69,4.62,9.06,-5.190,6.700,7.930
333477,314.56,4.94,8.88,-5.400,6.670,7.340
333489,314.56,5.31,8.94,-5.230,5.330,7.830
333503,314.50,5.69,9.13,-5.200,5.110,8.440
333515,314.25,6.06,9.63,0.720,-0.800,10.390
333527,314.25,5.75,10.00,6.300,-4.130,10.110
333539,314.63,5.44,10.81,7.280,-4.470,10.810
333553,314.81,5.37,11.63,5.420,-4.110,8.330
333565,314.06,5.19,12.25,7.960,-7.080,10.110
333603,314.00,4.75,12.13,4.650,-4.840,8.430
333615,313.87,4.81,11.38,5.290,-4.180,8.750
333627,314.19,4.87,10.94,2.070,-3.470,9.030
333639,314.56,5.00,10.38,-1.510,-1.860,10.560
333653,314.81,5.19,9.81,-1.220,-0.350,9.910
333665,315.25,5.62,8.88,-3.760,3.780,9.230
333677,315.62,5.75,8.56,-4.590,4.510,9.270
333689,315.87,6.00,8.38,-3.810,4.230,8.600
333703,316.00,6.31,8.44,-1.990,3.810,9.140
333715,316.06,7.37,8.75,0.230,2.020,9.730
333727,316.00,7.75,8.94,0.270,1.080,10.690
333739,316.12,7.62,9.25,4.280,-1.950,10.110
333753,316.38,7.37,9.63,8.960,-2.910,9.660
333765,317.00,6.87,10.69,4.150,-3.140,7.530
333778,317.06,6.56,10.94,4.660,-4.040,7.850
333790,317.00,6.25,11.00,3.530,-3.670,8.370
333804,316.88,6.00,10.94,3.270,-4.430,7.710
333816,316.31,5.87,10.38,4.160,-4.590,9.290
333828,316.25,6.00,10.06,3.210,-4.100,11.040
333840,316.56,6.06,9.69,4.270,-4.280,10.790
333854,317.06,6.06,9.31,0.470,-1.710,11.220
333866,317.94,5.81,8.38,-1.390,1.650,10.040
333878,318.19,5.94,8.00,-3.460,3.810,10.130
333890,318.44,6.06,7.69,-3.890,3.950,9.000
333904,318.63,6.12,7.44,-3.780,5.270,8.270
333916,318.75,7.00,7.50,-3.740,4.360,8.930
333928,318.69,7.56,7.75,-2.450,3.220,9.210
333940,318.50,8.06,8.00,-0.460,1.150,9.160
333954,318.63,8.06,8.31,4.150,-1.390,9.170
333966,318.75,8.06,9.13,7.120,-4.780,10.110
333978,318.94,8.13,9.69,10.220,-4.850,9.820
333990,319.06,8.19,10.06,6.120,-5.450,8.630
334004,319.13,8.00,10.25,6.090,-5.150,8.450
334016,319.13,7.75,10.00,4.290,-3.620,8.720
334028,318.94,7.81,9.75,4.160,-3.550,8.230
334040,318.81,7.87,9.44,2.490,-3.470,8.510
334054,318.94,7.81,9.06,0.960,-2.380,9.030
334066,319.56,7.56,8.44,0.590,0.130,10.310
334078,320.00,7.62,8.25,-0.560,0.620,10.670
334090,320.44,7.69,8.06,-0.630,1.390,10.230
334104,320.81,7.75,8.00,-2.920,2.470,9.600
334116,321.37,8.00,7.87,-1.870,2.780,9.190
334128,321.44,8.38,7.94,-1.290,3.010,10.240
334140,321.56,8.69,8.06,-0.640,2.750,9.690
334154,321.69,8.94,8.19,-0.170,2.400,9.010
334166,321.87,9.00,8.56,4.230,-0.280,8.330
334179,322.00,8.88,8.81,6.500,-1.740,7.680
334191,322.19,8.75,9.25,8.770,-3.300,7.870
334205,322.31,8.88,9.75,6.440,-4.620,7.730
334217,322.50,8.81,10.13,4.690,-5.730,7.470
334229,322.44,8.50,10.00,3.660,-5.270,8.200
334241,322.12,8.44,9.81,4.550,-3.420,10.260
334255,321.81,8.31,9.56,4.860,-2.760,10.360
334267,321.81,8.06,8.94,2.840,-1.310,9.620
334279,321.94,8.00,8.63,-0.410,1.470,8.820
334291,322.00,7.87,8.38,-1.410,2.650,9.130
334305,322.00,7.87,8.19,-2.850,3.750,8.990
334317,322.06,7.87,7.94,-4.890,3.950,8.860
334329,322.00,7.94,8.00,-4.340,3.350,9.160
334341,321.94,8.00,8.13,-3.390,2.750,9.400
334355,321.87,8.13,8.31,-0.460,0.130,10.840
334367,321.87,8.06,8.94,4.950,-3.040,10.150
334379,322.06,8.13,9.38,9.330,-4.640,10.050
334391,322.25,8.56,9.81,8.120,-5.440,7.840
334405,322.69,8.75,10.06,7.380,-5.440,7.130
334417,323.44,8.31,9.81,8.410,-5.560,8.300
334430,323.31,8.38,9.50,8.810,-5.050,8.880
334442,323.06,8.56,9.13,7.850,-4.600,9.090
334456,323.06,8.56,8.63,4.880,-4.660,8.650
334468,323.31,8.56,7.50,-3.720,1.130,9.490
334480,323.44,8.75,7.06,-5.430,3.370,9.560
334492,323.75,8.94,6.75,-8.280,4.980,10.450
334506,324.00,9.06,6.50,-6.670,4.600,10.170
334518,324.44,9.44,6.37,-4.850,5.470,10.610
334530,324.56,9.69,6.56,-1.960,4.010,9.380
334542,324.56,9.81,6.81,0.460,2.890,8.460
334556,324.62,9.88,7.12,0.850,2.880,8.030
334568,324.12,10.06,7.69,8.750,-2.780,8.000
334606,323.87,10.50,8.63,6.280,-5.840,8.940
334618,323.94,9.69,8.31,9.440,-5.740,8.720
334630,323.56,9.50,8.00,6.630,-3.690,9.600
334642,322.88,9.69,7.56,7.000,-2.480,9.550
334656,322.56,9.69,7.06,5.200,-2.310,9.170
334668,322.81,9.50,6.00,-1.870,2.010,8.980
334680,323.00,9.44,5.56,-3.240,3.450,9.200
334692,323.19,9.31,5.19,-4.740,4.190,9.000
334706,323.25,9.25,4.87,-6.230,5.430,9.070
334718,323.38,9.44,4.69,-4.750,5.090,9.450
334730,323.31,9.75,4.81,-3.650,4.090,9.910
334742,323.31,10.19,5.00,0.240,1.200,9.750
334756,323.19,10.63,5.25,0.380,-0.020,10.540
334768,323.31,10.63,5.62,5.590,-2.790,10.270
334780,323.56,10.38,5.87,8.810,-4.120,9.200
334792,323.87,10.19,6.06,9.500,-4.570,9.060
334806,324.06,10.06,6.19,9.110,-4.130,8.930
334818,324.12,10.06,6.00,7.300,-3.950,7.610
334831,324.00,10.25,5.75,6.430,-4.080,8.710
334843,323.87,10.38,5.44,6.300,-4.090,9.630
334857,324.06,10.38,5.06,3.210,-2.050,9.820
334869,324.19,10.00,4.25,-1.210,3.610,8.830
334881,324.12,9.88,3.94,-2.030,5.180,8.650
334893,324.00,9.88,3.87,-3.830,7.800,9.070
334907,323.94,9.88,3.81,-3.650,7.130,8.600
334919,323.50,10.13,4.19,-4.180,5.340,9.190
334931,323.19,10.44,4.50,-4.480,4.330,10.350
334943,323.00,10.13,4.87,-1.100,1.640,9.420
334957,322.88,9.88,5.19,1.420,0.230,9.320
334969,322.50,9.56,6.06,7.440,-4.000,9.820
334981,322.50,9.50,6.50,8.890,-4.650,9.160
334993,322.44,9.44,6.81,7.250,-5.130,8.600
335007,322.44,9.31,7.12,5.360,-5.570,7.740
335019,321.94,9.25,6.75,5.900,-6.560,8.070
335031,321.62,9.50,6.37,4.880,-5.260,10.510
335043,321.69,9.56,6.00,5.280,-4.980,9.890
335057,321.94,9.44,5.62,3.930,-4.510,9.910
335069,322.56,9.19,4.81,-0.900,1.570,9.120
335082,322.88,9.19,4.50,-0.910,3.100,9.130
335094,323.19,9.31,4.25,-1.480,4.580,8.390
335108,323.50,9.38,4.06,-4.630,7.320,9.050
335120,323.62,9.94,4.00,-3.940,7.950,8.460
335132,323.50,10.38,4.19,-3.970,7.060,8.940
335144,323.31,10.88,4.44,-2.310,4.490,9.750
335158,323.31,10.94,4.75,-0.060,2.180,10.050
335170,323.56,10.81,5.56,5.310,-2.090,9.790
335182,323.56,11.00,6.00,6.480,-3.690,10.560
335194,323.69,11.19,6.44,7.980,-4.520,9.410
335208,323.81,11.44,6.81,8.530,-5.010,9.090
335220,324.25,11.44,6.94,3.170,-4.550,8.150
335232,324.50,11.12,6.75,2.650,-4.620,8.130
335244,324.25,11.25,6.44,5.160,-5.990,7.660
335258,323.81,11.50,6.12,2.140,-4.260,10.170
335270,324.12,11.75,5.44,5.440,-1.800,8.630
335282,324.69,11.94,5.12,1.110,0.200,9.370
335294,325.31,12.13,4.81,-0.010,2.110,8.760
335308,325.87,12.25,4.62,-1.210,3.370,8.910
335320,326.69,12.63,4.44,-2.960,4.950,9.420
335332,326.94,12.88,4.44,-2.210,4.660,9.520
335344,327.00,13.19,4.56,-1.270,4.430,9.690
335358,327.00,13.44,4.75,1.410,3.570,9.050
335370,326.81,13.69,5.25,2.130,1.880,10.200
335382,326.88,13.50,5.62,4.560,0.500,9.820
335394,326.94,13.38,6.00,7.410,-1.100,7.790
335408,327.00,13.50,6.44,8.170,-2.320,7.730
335420,327.13,13.38,6.75,4.610,-3.650,7.650
335433,327.19,12.88,6.56,4.340,-5.400,7.930
335445,326.75,12.75,6.25,4.530,-4.950,8.540
335459,326.06,12.75,5.94,3.560,-3.190,10.280
335471,325.62,12.31,5.06,5.010,-1.970,8.850
335483,325.62,12.13,4.69,4.160,-1.440,8.600
335495,325.69,11.94,4.31,3.140,-0.910,8.140
335509,325.81,11.75,4.00,2.730,-0.750,8.240
335521,326.19,11.50,3.44,1.130,-0.910,8.660
335533,326.37,11.38,3.19,0.250,-0.690,8.420
335545,326.50,11.25,2.87,0.220,-0.170,8.600
335559,326.56,11.19,2.69,1.150,-0.430,9.050
335571,326.62,10.94,2.12,1.580,0.710,9.300
335609,326.50,10.50,1.31,1.210,1.530,10.050
335621,326.06,10.38,0.88,0.990,2.200,9.870
335633,325.81,10.38,0.75,1.000,1.870,9.340
335645,325.62,10.31,0.56,1.240,1.840,8.940
335659,325.31,10.31,0.50,1.760,1.970,9.110
335671,324.69,10.50,0.37,2.580,0.950,8.730
335683,324.44,10.50,0.37,2.840,0.700,8.760
335695,324.12,10.44,0.31,2.320,0.620,9.040
335709,323.75,10.38,0.31,2.050,0.060,9.360
335721,323.00,10.13,0.13,1.370,0.180,10.220
335734,322.56,10.06,0.00,1.320,0.260,10.320
335746,322.06,10.06,-0.13,0.870,0.950,10.550
335760,321.50,10.13,-0.25,-0.080,3.320,10.630
335772,320.50,10.44,-0.44,0.210,3.990,9.340
335784,320.19,10.75,-0.37,-0.910,4.350,9.970
335796,319.87,11.06,-0.25,-0.930,3.760,10.060
335810,319.50,11.38,-0.06,-0.630,2.960,10.180
335822,318.94,12.19,0.06,1.460,0.130,9.530
335834,318.56,12.56,0.06,2.480,-0.670,8.810
335846,318.19,12.88,0.00,3.660,-1.900,8.910
335860,317.81,13.19,0.00,6.680,-2.120,7.980
335872,317.31,13.50,-0.06,11.190,-3.430,7.880
335884,317.31,13.50,-0.19,10.730,-3.190,8.010
335896,317.37,13.38,-0.19,8.800,-1.980,7.810
335910,317.44,13.06,-0.25,7.210,-1.410,8.000
335922,317.50,12.06,-0.50,0.840,0.690,7.700
335934,317.31,11.88,-0.50,-2.610,2.170,8.830
335946,317.13,11.75,-0.44,-0.330,1.880,8.920
335960,317.13,11.63,-0.31,-2.740,2.620,10.490
335972,317.13,11.44,0.00,-0.740,2.310,9.740
335984,317.06,11.56,0.13,-0.230,2.430,10.230
335996,317.06,11.81,0.37,0.050,3.470,10.300
336010,317.06,12.06,0.50,-0.440,3.220,9.650
336022,317.19,12.50,0.69,0.640,2.230,8.950
336034,317.19,12.69,0.88,1.590,1.740,9.060
336046,317.19,12.88,1.00,3.990,-0.320,8.940
336060,317.19,13.06,1.25,5.570,-1.660,9.150
336072,317.25,13.38,1.62,6.710,-3.510,8.850
336085,317.37,13.44,1.75,6.780,-3.430,8.450
336097,317.56,13.38,1.81,6.390,-2.920,8.120
336111,317.75,13.31,1.87,5.260,-2.500,8.280
336123,318.19,13.13,1.75,2.030,-0.230,9.410
336135,318.44,13.00,1.56,1.360,0.640,9.640
336147,318.56,12.94,1.31,0.680,2.800,8.600
336161,318.69,12.88,1.19,1.050,3.560,8.780
336173,318.56,12.94,1.25,2.680,3.560,8.260
336185,318.37,13.00,1.50,3.070,5.580,9.350
336197,318.06,13.13,1.75,2.570,5.890,8.780
336211,317.75,13.13,2.06,1.980,6.320,8.320
336223,317.13,13.25,2.69,1.100,4.530,8.040
336235,317.00,13.31,3.06,2.170,4.450,7.450
336247,317.25,13.56,3.44,3.160,2.770,8.310
336261,317.69,13.81,3.87,1.660,-1.560,10.640
336273,317.81,14.19,4.56,1.240,-4.340,10.600
336285,317.56,14.31,4.75,1.760,-3.520,10.300
336297,317.50,14.25,4.87,5.780,-6.180,9.380
336311,317.56,14.13,4.94,6.270,-6.980,9.410
336323,317.87,14.06,4.81,6.170,-7.630,8.560
336335,317.94,14.13,4.62,5.680,-6.760,7.940
336347,318.06,14.19,4.31,4.340,-5.590,8.830
336361,318.25,14.13,3.94,4.110,-3.560,8.910
336373,318.69,13.81,3.06,2.770,2.770,7.140
336385,319.00,13.62,2.69,2.110,3.690,6.990
336397,319.31,13.44,2.44,0.630,5.060,7.570
336411,319.56,13.25,2.31,-0.450,5.690,8.170
336423,319.50,12.94,2.31,-1.520,6.350,9.260
336436,319.31,12.81,2.44,-1.920,6.970,9.240
336448,319.00,12.75,2.62,-2.230,6.750,9.090
336462,318.63,12.75,2.94,-2.270,5.710,9.300
336474,317.75,12.25,3.62,0.190,3.100,7.810
336486,317.31,12.06,4.06,-0.370,0.880,8.790
336498,316.88,12.06,4.56,0.560,-1.320,10.530
336512,316.56,11.94,5.06,2.690,-4.750,10.840
336524,315.81,11.56,5.81,4.860,-5.650,9.690
336536,315.31,11.50,6.06,5.530,-5.650,9.450
336548,314.94,11.44,6.19,6.540,-5.400,8.890
336562,314.56,11.38,6.19,6.650,-4.970,8.560
336574,314.19,11.44,6.00,6.540,-3.990,8.140
336612,313.94,11.63,5.62,3.710,-0.090,8.340
336624,313.75,11.63,5.37,3.430,3.180,8.410
336636,313.75,11.63,5.31,2.710,4.510,7.640
336648,313.87,11.75,5.31,1.100,5.240,6.850
336662,314.12,11.81,5.44,-1.450,4.320,7.590
336674,314.38,11.44,6.00,-2.480,2.390,9.460
336687,314.38,11.06,6.31,0.120,0.000,9.840
336699,314.31,10.69,6.62,1.030,-1.860,10.280
336713,314.25,10.44,6.87,3.440,-3.910,10.430
336725,314.06,10.38,7.50,4.900,-6.230,8.890
336737,313.87,10.25,7.62,5.520,-6.330,8.680
336749,313.81,10.06,7.69,5.180,-6.560,9.270
336763,314.00,9.69,7.56,6.350,-6.410,9.300
336775,314.63,9.00,6.94,6.400,-3.350,9.310
336787,314.75,9.19,6.62,5.510,-2.660,9.980
336799,315.19,9.38,6.25,4.330,-2.070,10.920
336813,315.62,9.50,5.87,3.110,-0.640,11.250
336825,315.81,9.75,5.12,1.250,2.190,11.090
336837,315.69,9.94,4.69,0.340,5.940,9.760
336849,315.50,10.06,4.37,-0.610,7.510,8.530
336863,315.25,10.19,4.19,-1.510,8.190,7.790
336875,314.63,10.44,4.37,-1.740,6.950,8.190
336887,314.25,10.50,4.69,-1.500,6.040,8.330
336899,313.94,10.50,5.06,-0.930,4.600,8.710
336913,313.75,10.38,5.50,1.010,0.580,10.000
336925,313.75,9.94,6.44,2.170,-2.440,9.300
336937,313.62,10.06,6.94,4.610,-4.910,9.270
336949,313.44,10.25,7.31,2.920,-4.350,7.800
336963,313.12,10.25,7.50,2.040,-4.880,7.950
336975,313.00,10.19,7.44,4.440,-4.260,8.270
336987,313.19,10.06,7.19,4.830,-4.390,7.520
336999,313.19,10.25,6.81,3.890,-3.590,7.280
337013,313.25,10.56,6.44,4.570,-3.490,7.380
337025,314.00,11.12,5.75,4.100,-0.840,9.570
337038,314.56,11.25,5.31,3.180,0.340,9.740
337050,315.12,11.50,5.00,1.170,2.400,9.740
337064,315.69,11.81,4.75,0.200,3.360,10.130
337076,316.63,12.19,4.62,-1.140,4.020,9.990
337088,317.00,12.44,4.62,-1.500,4.080,10.410
337100,317.25,12.63,4.75,-1.430,3.820,10.540
337114,317.37,12.75,4.94,-0.830,3.120,10.820
337126,317.69,12.94,5.44,2.390,0.030,10.960
337138,317.81,13.06,5.81,4.140,-0.810,9.760
337150,317.94,13.38,6.25,7.070,-2.300,9.140
337164,317.94,13.94,6.69,3.290,-2.420,8.330
337176,318.06,14.31,7.00,3.610,-2.530,7.800
337188,318.12,14.13,6.87,4.490,-3.180,7.750
337200,318.31,13.75,6.69,6.360,-3.290,7.580
337214,318.12,13.62,6.50,4.560,-2.990,7.650
337226,317.44,14.06,5.94,4.210,-0.850,9.060
337238,317.37,14.25,5.75,4.020,-0.480,9.870
337250,317.56,14.38,5.50,3.470,-0.250,10.190
337264,317.81,14.50,5.37,2.170,0.620,10.220
337276,318.12,14.69,5.12,1.560,3.900,9.530
337288,318.25,14.81,5.12,1.040,4.180,9.100
337300,318.25,14.94,5.25,0.310,4.400,9.110
337314,318.19,15.06,5.37,0.260,4.080,9.090
337326,317.94,15.13,5.75,1.290,2.210,8.560
337338,317.87,15.13,6.06,5.230,-0.930,8.610
337350,317.81,15.25,6.37,5.050,-1.870,8.410
337364,317.75,15.31,6.62,3.450,-2.400,8.180
337376,317.81,15.06,6.75,5.340,-4.490,8.620
337389,317.94,15.00,6.62,5.830,-4.880,9.330
337401,318.06,15.00,6.37,5.680,-6.180,9.200
337415,318.00,15.19,6.06,5.850,-4.350,9.340
337427,318.19,15.63,5.25,6.820,-2.790,8.790
337439,318.56,15.75,4.75,5.600,-2.280,8.310
337451,319.06,15.81,4.19,5.270,-1.300,7.310
337465,319.37,16.06,3.69,3.880,-1.120,8.490
337477,319.94,16.44,2.81,2.630,0.190,7.820
337489,320.31,16.44,2.37,2.090,0.580,7.630
337501,320.56,16.37,2.00,1.950,-0.080,7.050
337515,320.81,16.44,1.69,1.880,1.220,7.580
337527,321.37,16.31,1.12,1.710,1.350,8.230
337539,321.62,16.25,0.88,1.430,1.360,8.900
337551,321.87,16.06,0.56,1.130,1.630,9.110
337565,322.00,15.94,0.31,1.360,1.810,9.310
337577,322.19,15.75,-0.19,1.550,1.420,9.160
337615,322.19,15.44,-0.88,3.030,0.910,9.530
337627,321.87,15.06,-1.25,2.800,1.570,9.460
337640,321.62,14.81,-1.44,3.090,1.560,8.710
337652,321.31,14.63,-1.62,3.360,1.570,8.950
337666,321.00,14.50,-1.75,2.690,1.730,8.840
337678,320.19,14.19,-2.00,3.040,1.950,8.720
337690,319.75,14.13,-2.06,2.870,1.830,9.450
337702,319.25,14.06,-2.12,2.680,1.520,9.420
337716,318.69,13.94,-2.19,1.720,2.990,9.540
337728,317.37,13.81,-2.31,-1.210,1.930,10.640
337740,316.31,13.75,-2.31,-0.750,3.060,10.610
337752,315.19,13.62,-2.44,-0.450,3.270,10.380
337766,314.00,13.62,-2.56,1.260,5.040,8.860
337778,312.69,14.31,-2.62,1.190,3.730,10.550
337790,312.25,14.63,-2.62,-0.700,4.210,10.160
337802,311.62,14.94,-2.69,0.580,4.230,9.030
337816,310.94,15.19,-2.75,1.500,3.320,9.940
337828,309.50,15.81,-2.87,4.860,3.230,7.780
337840,308.75,16.06,-2.94,5.670,2.630,6.320
337852,308.06,16.19,-2.94,5.330,1.900,7.130
337866,307.37,16.31,-2.94,5.980,1.490,6.860
337878,306.19,16.31,-2.87,7.740,-1.680,7.390
337890,305.69,16.19,-2.87,8.470,-2.050,7.830
337902,305.12,16.06,-2.87,9.580,-2.050,7.370
337916,304.69,15.81,-2.87,7.970,-2.220,8.170
337928,303.81,14.94,-2.87,8.180,-2.390,9.050
337940,303.44,14.44,-2.94,8.060,-2.820,10.280
337952,303.19,13.88,-3.06,3.110,-0.820,10.960
337966,303.06,13.19,-3.37,0.470,1.540,9.980
337978,302.50,12.37,-3.87,-6.220,6.540,8.790
337990,302.06,12.19,-3.94,-7.810,8.390,8.450
338002,301.75,12.44,-3.81,-6.350,8.990,9.200
338016,301.75,12.94,-3.56,-6.200,8.130,10.070
338028,301.62,14.00,-3.06,-1.900,2.730,10.410
338041,301.19,14.50,-2.81,1.220,1.960,8.310
338053,300.87,14.94,-2.75,4.720,-0.350,7.060
338067,300.62,15.56,-2.56,11.250,-3.270,6.730
338079,300.87,16.50,-2.12,16.700,-7.830,8.020
338091,301.06,16.75,-1.94,8.720,-5.030,6.600
338103,301.12,16.62,-1.87,8.720,-4.050,6.470
338117,301.00,16.19,-1.94,9.660,-2.280,5.870
338129,300.56,15.25,-2.06,9.260,-3.310,9.460
338141,300.38,14.81,-2.12,6.780,-1.520,10.070
338153,300.44,14.13,-2.37,3.890,-0.050,9.130
338167,300.56,13.44,-2.87,2.500,0.310,6.750
338179,300.94,12.81,-3.25,-4.790,5.480,10.330
338191,300.69,12.56,-3.37,-8.080,4.820,9.610
338203,300.13,12.56,-3.50,-9.180,7.610,8.370
338217,299.94,12.63,-3.50,-6.400,8.540,9.550
338229,300.19,13.56,-2.75,-2.900,6.860,9.200
338241,300.25,14.00,-2.31,-1.600,3.030,10.980
338253,300.06,14.38,-1.94,0.520,2.350,10.120
338267,299.75,14.69,-1.69,3.000,0.720,8.740
338279,299.69,15.50,-1.25,17.580,-4.520,6.730
338292,300.44,15.88,-1.00,15.960,-9.640,9.880
338304,301.19,16.06,-0.75,11.990,-8.510,8.150
338318,301.50,15.75,-0.81,6.930,-4.690,6.220
338330,301.44,14.63,-1.50,11.190,-1.270,7.060
338342,301.31,14.19,-1.75,10.650,-2.750,9.030
338354,301.31,13.69,-1.94,5.880,-2.000,10.590
338368,301.31,12.88,-2.19,1.010,-0.590,9.260
338380,301.12,11.56,-3.00,-5.410,3.670,8.760
338392,301.06,11.31,-3.19,-6.470,4.750,9.640
338404,300.94,11.06,-3.31,-8.330,5.750,10.480
338418,300.81,11.00,-3.44,-8.480,6.760,10.490
338430,300.94,11.63,-3.37,-2.580,6.670,10.430
338442,301.25,12.13,-3.25,-1.550,5.890,9.810
338454,301.50,12.50,-3.06,0.690,4.070,9.210
338468,301.69,13.00,-2.87,2.230,3.090,9.390
338480,302.00,13.81,-2.56,6.000,0.780,8.420
338492,302.31,14.06,-2.44,12.380,-2.300,7.020
338504,302.87,14.38,-2.25,13.520,-5.940,9.080
338518,303.44,14.50,-2.12,10.500,-5.980,8.520
338530,303.81,14.00,-2.12,10.060,-3.340,8.110
338542,303.81,13.50,-2.25,10.650,-2.580,8.390
338554,303.75,13.06,-2.37,10.600,-2.850,8.680
338568,303.75,12.69,-2.62,3.010,-1.120,10.370
338580,303.75,11.44,-3.44,-2.860,1.950,7.770
338619,303.69,10.81,-4.50,-9.350,7.190,8.670
338631,304.00,11.06,-4.31,-4.030,6.840,10.210
338643,304.38,11.44,-4.00,-3.210,6.050,9.600
338655,304.56,11.81,-3.69,-2.790,4.640,10.040
338669,304.63,12.13,-3.37,0.120,3.460,9.740
338681,304.63,13.00,-3.00,10.540,-0.930,6.840
338693,305.00,13.44,-2.81,15.980,-3.580,8.260
338705,305.81,13.94,-2.75,10.650,-6.550,10.030
338719,306.38,14.13,-2.81,6.490,-4.170,8.750
338731,307.00,13.38,-3.62,8.290,-0.850,7.110
338743,307.12,13.19,-3.94,10.460,-0.870,8.250
338755,307.25,12.94,-4.19,9.060,-1.020,8.920
338769,307.37,12.63,-4.37,4.500,-0.130,10.300
338781,307.44,11.31,-5.19,-4.030,4.210,8.830
338793,307.19,11.06,-5.50,-8.130,6.900,9.960
338805,306.94,11.00,-5.69,-8.200,7.630,9.100
338819,306.87,10.88,-5.81,-5.330,6.860,9.830
338831,307.12,11.56,-5.44,-2.710,6.500,10.000
338843,307.31,11.94,-5.12,-2.070,5.620,9.690
338855,307.37,12.44,-4.81,0.940,3.240,9.910
338869,307.31,12.94,-4.56,2.830,1.800,9.090
338881,307.37,13.94,-4.06,17.740,-8.860,10.280
338893,308.13,14.69,-3.69,10.410,-6.920,11.030
338905,308.56,15.13,-3.50,4.470,-4.920,7.100
338919,308.69,14.81,-3.69,4.830,-1.980,5.320
338931,308.56,14.25,-4.12,8.530,0.610,7.700
338944,308.38,14.06,-4.37,8.040,-0.440,8.640
338956,308.13,13.88,-4.62,5.820,-0.620,8.840
338970,307.94,13.56,-4.87,5.130,-0.640,9.700
338982,307.75,12.69,-5.37,-2.280,2.440,9.530
338994,307.50,12.13,-5.62,-4.170,5.940,8.350
339006,307.31,11.94,-5.75,-4.510,6.410,8.260
339020,307.25,11.75,-5.69,-4.030,6.660,8.470
339032,307.19,11.88,-5.31,-3.000,4.860,9.570
339044,307.19,12.06,-5.06,-1.940,3.500,9.880
339056,307.12,12.31,-4.75,-0.180,1.720,10.310
339070,307.06,12.63,-4.56,4.240,-0.510,10.330
339082,307.12,13.19,-4.31,8.520,-2.010,9.500
339094,307.37,13.56,-4.19,10.060,-2.060,9.410
339106,307.62,13.88,-4.19,9.060,-1.570,8.450
339120,307.87,13.94,-4.25,8.140,-0.680,7.500
339132,308.06,13.69,-4.50,7.620,-1.010,8.370
339144,308.13,13.44,-4.62,6.800,-1.180,9.320
339156,308.13,13.25,-4.69,4.590,-1.200,9.910
339170,308.25,12.88,-4.87,1.850,-0.600,9.770
339182,308.25,12.06,-5.44,-3.040,4.260,9.390
339194,308.25,12.00,-5.56,-3.300,4.550,8.930
339206,308.25,12.00,-5.62,-2.860,5.390,9.440
339220,308.25,12.06,-5.62,-1.850,6.390,8.760
339232,308.38,12.75,-5.44,-3.160,4.910,8.750
339244,308.44,13.13,-5.37,-0.150,2.370,9.560
339256,308.50,13.50,-5.25,1.940,1.160,9.720
339270,308.44,13.88,-5.19,4.450,0.340,9.700
339282,308.31,14.56,-5.19,7.990,-0.600,8.610
339295,308.31,14.87,-5.25,8.550,-0.360,7.990
339307,308.31,15.00,-5.31,9.400,-0.230,7.970
339321,308.31,15.13,-5.37,8.400,-0.260,7.940
339333,308.06,14.69,-5.56,6.870,0.740,7.790
339345,307.87,14.38,-5.62,6.390,0.390,8.260
339357,307.69,14.13,-5.69,5.010,-0.050,9.950
339371,307.50,13.81,-5.75,3.330,0.070,10.540
339383,307.19,12.88,-6.25,1.640,0.530,9.690
339395,307.00,12.50,-6.50,-0.960,2.070,10.030
339407,306.81,12.31,-6.81,-2.310,3.590,10.230
339421,306.69,12.13,-7.00,-3.130,4.530,9.470
339433,306.38,12.19,-7.00,-0.550,5.370,9.490
339445,306.31,12.44,-6.87,0.150,5.770,9.230
339457,306.31,12.81,-6.69,0.260,5.390,8.840
339471,306.38,13.13,-6.50,0.880,3.870,8.260
339483,306.38,13.75,-6.12,3.540,1.120,8.400
339495,306.25,14.06,-5.87,6.990,-1.590,8.510
339507,306.13,14.25,-5.62,8.490,-2.490,8.420
339521,306.06,14.44,-5.44,9.180,-3.360,8.820
339533,306.00,14.44,-5.12,10.630,-3.460,9.070
339545,306.00,14.31,-5.06,10.370,-2.940,9.330
339557,306.06,14.06,-5.06,7.450,-2.000,10.180
339571,306.06,13.81,-5.31,3.150,0.210,9.500
339583,305.87,13.13,-6.06,-2.760,5.640,7.400
339622,305.31,13.19,-6.87,-4.720,7.380,7.640
339634,305.19,13.94,-6.75,-2.470,4.350,9.200
339646,305.25,14.19,-6.62,-0.050,2.770,9.420
339658,305.25,14.50,-6.56,2.340,1.810,8.560
339672,305.00,14.94,-6.50,6.410,0.970,8.140
339684,304.31,16.06,-6.31,11.760,-1.390,8.040
339696,304.25,16.44,-6.25,11.240,-0.750,7.580
339708,304.50,16.37,-6.25,10.380,-0.060,6.560
339722,304.87,16.06,-6.37,9.700,0.320,6.790
339734,305.19,15.19,-6.56,8.580,0.390,8.230
339746,305.31,14.69,-6.62,4.940,1.410,9.430
339758,305.50,14.13,-6.75,2.620,1.050,9.440
339772,305.75,13.50,-7.00,1.080,2.500,8.890
339784,306.00,12.50,-7.37,-2.260,4.320,8.760
339796,306.13,12.06,-7.62,-0.770,4.560,7.370
339808,306.44,11.75,-7.87,-6.030,5.910,9.470
339822,307.00,11.44,-8.00,-8.840,6.670,9.170
339834,307.19,11.12,-7.87,-4.510,6.000,11.070
339846,307.25,11.31,-7.62,-2.470,4.790,11.040
339858,307.37,11.50,-7.37,0.020,2.890,10.640
339872,307.37,11.81,-7.19,2.410,1.850,9.300
339884,307.37,12.19,-6.87,8.740,-0.270,9.070
339897,307.75,12.56,-6.81,11.160,-1.710,6.270
339909,308.13,12.81,-6.81,10.230,-1.430,7.950
339923,308.44,12.94,-6.75,8.840,-1.610,6.730
339935,308.81,12.37,-6.94,9.370,-1.640,9.370
339947,308.94,12.06,-6.94,11.720,-2.420,8.100
339959,309.00,11.44,-7.19,7.690,0.300,11.260
339973,309.06,10.81,-7.37,1.650,4.610,5.470
339985,309.50,9.69,-8.06,-4.180,8.060,6.490
339997,309.50,9.44,-8.19,-5.690,8.620,9.140
340009,309.50,9.13,-8.00,-5.490,7.660,8.750
340023,309.50,8.81,-7.81,-2.710,6.270,9.170
340035,309.56,8.50,-7.19,0.930,0.740,9.990
340047,309.69,8.25,-6.87,2.110,-0.590,10.110
340059,309.87,8.00,-6.69,3.680,-1.970,9.910
340073,309.94,7.69,-6.56,5.080,-2.750,9.710
340085,310.19,7.00,-6.62,7.010,-2.850,9.140
340097,310.44,6.62,-6.81,6.910,-2.290,8.160
340109,310.69,6.19,-6.94,3.500,-0.150,8.170
340123,310.94,5.62,-7.12,1.130,1.620,7.420
340135,311.56,4.87,-7.37,-0.300,3.490,8.590
340147,311.94,4.50,-7.37,-4.570,5.380,9.570
340159,312.31,4.12,-7.44,-4.270,4.900,8.360
340173,312.56,3.81,-7.37,-3.980,5.300,9.590
340185,313.06,3.31,-7.44,-0.770,1.310,9.690
340197,313.25,3.00,-7.50,-0.010,0.440,9.180
340209,313.37,2.69,-7.56,0.740,-0.050,8.920
340223,313.50,2.31,-7.62,2.450,-1.030,8.580
340235,313.75,1.25,-8.00,3.300,-1.300,7.470
340248,313.94,0.62,-8.19,3.750,-1.750,7.340
340260,314.19,-0.06,-8.38,3.970,-2.550,7.080
340274,314.50,-1.06,-8.56,4.730,-2.540,7.900
340286,315.00,-3.31,-9.13,2.900,-1.800,4.970
340298,315.19,-4.56,-9.44,2.250,-1.670,5.040
340310,315.19,-5.94,-9.81,1.390,-1.300,4.720
340324,315.00,-7.50,-10.44,0.230,-1.180,5.370
340336,313.75,-11.06,-12.37,-1.490,-0.810,6.370
340348,312.81,-13.06,-13.75,-2.210,-0.710,6.250
340360,311.81,-15.13,-15.38,-2.990,-0.630,5.920
340374,310.81,-16.94,-17.31,-4.920,0.250,6.580
340386,309.12,-20.12,-21.69,-5.890,1.870,7.100
340398,308.38,-21.50,-24.12,-7.110,3.480,7.430
340410,307.56,-22.75,-26.81,-7.900,4.240,7.260
340424,306.69,-23.81,-29.56,-8.250,5.100,7.040
340436,304.69,-25.25,-35.44,-7.550,8.130,6.420
340448,303.62,-25.69,-38.44,-7.100,8.900,6.310
340460,302.62,-25.88,-41.31,-6.820,9.460,6.110
340474,301.75,-25.88,-44.13,-6.310,10.350,5.220
340486,300.44,-25.56,-49.25,-5.190,11.550,4.190
340498,300.00,-25.31,-51.50,-4.480,12.050,3.920
340510,299.75,-25.06,-53.56,-3.410,12.510,3.600
340524,299.56,-24.87,-55.25,-3.230,12.430,3.300
340536,299.81,-24.63,-58.00,-2.800,12.270,3.140
340548,300.19,-24.63,-59.00,-2.210,12.250,3.180
340560,300.69,-24.75,-59.81,-2.020,12.060,3.450
340574,301.25,-24.94,-60.50,-1.920,11.700,3.710
340586,302.62,-25.56,-61.56,-2.690,10.070,4.050
340625,305.00,-26.75,-62.81,-2.470,9.660,4.010
340637,306.50,-27.69,-63.44,-2.980,8.980,4.180
340649,307.12,-28.06,-63.81,-3.420,8.810,3.630
340661,307.75,-28.44,-64.12,-3.520,8.740,3.370
340675,308.31,-28.81,-64.50,-3.370,9.210,3.200
340687,309.37,-29.56,-65.12,-3.270,9.000,3.250
340699,310.00,-30.00,-65.31,-3.600,8.540,3.210
340711,310.63,-30.50,-65.44,-3.860,8.590,3.000
340725,311.37,-31.06,-65.50,-3.940,8.590,2.780
340737,313.00,-32.25,-65.44,-3.770,8.980,2.990
340749,313.94,-32.94,-65.31,-4.050,8.860,3.020
340761,314.94,-33.63,-65.06,-4.820,8.260,2.810
340775,315.87,-34.38,-64.81,-4.870,8.120,2.530
340787,317.69,-35.69,-64.19,-5.120,8.580,2.470
340799,318.44,-36.25,-63.87,-5.590,8.390,2.880
340811,319.06,-36.75,-63.63,-5.920,7.670,3.000
340825,319.62,-37.19,-63.38,-6.040,7.410,3.080
340837,320.31,-37.81,-63.13,-5.120,7.420,3.060
340850,320.56,-38.06,-63.06,-4.950,7.280,3.250
340862,320.88,-38.38,-63.00,-4.960,7.130,3.450
340876,321.25,-38.63,-62.88,-5.450,6.390,3.330
340888,322.00,-39.25,-62.56,-5.440,6.470,3.050
340900,322.37,-39.56,-62.38,-4.900,6.720,3.180
340912,322.75,-39.94,-62.19,-5.000,6.630,3.470
340926,323.19,-40.25,-61.94,-5.270,6.320,3.510
340938,324.12,-41.00,-61.50,-5.610,5.990,3.050
340950,324.62,-41.37,-61.25,-5.510,6.490,2.950
340962,325.06,-41.69,-61.00,-5.400,6.550,2.900
340976,325.50,-42.06,-60.75,-5.210,6.550,3.020
340988,326.50,-42.81,-60.06,-5.210,5.740,2.930
341000,327.06,-43.25,-59.63,-5.160,5.690,2.800
341012,327.69,-43.75,-59.06,-4.940,5.920,2.990
341026,328.37,-44.25,-58.44,-5.230,5.970,3.350
341038,329.87,-45.38,-57.13,-6.330,5.650,3.590
341050,330.69,-46.00,-56.44,-6.670,5.490,3.230
341062,331.50,-46.63,-55.69,-6.620,5.790,3.230
341076,332.31,-47.19,-54.94,-6.480,5.970,3.380
341088,333.87,-48.25,-53.25,-7.490,5.390,3.850
341100,334.50,-48.69,-52.50,-7.630,5.140,3.910
341112,335.00,-49.13,-51.94,-7.490,4.980,3.830
341126,335.44,-49.50,-51.50,-6.890,5.040,4.050
341138,336.25,-50.31,-50.81,-6.820,4.760,4.600
341150,336.69,-50.69,-50.63,-6.980,4.690,4.700
341162,337.12,-51.06,-50.63,-6.950,4.010,4.540
341176,337.69,-51.50,-50.69,-6.840,3.920,4.660
341188,338.81,-52.56,-51.63,-6.500,3.920,5.070
341200,339.50,-53.25,-52.50,-6.670,3.880,4.890
341212,340.25,-54.19,-53.50,-6.320,3.630,4.400
341226,341.19,-55.19,-54.63,-6.480,3.300,3.850
341238,343.37,-57.44,-57.44,-6.800,3.910,3.550
341251,344.69,-59.06,-59.38,-7.410,3.990,3.320
341263,346.13,-60.88,-61.63,-7.020,3.780,2.650
341277,347.69,-62.69,-64.56,-8.420,3.830,2.270
341289,351.06,-66.62,-72.56,-7.260,3.410,0.590
341301,352.69,-68.19,-77.31,-8.100,4.120,0.240
341313,354.44,-69.62,-82.81,-7.860,3.500,0.030
341327,356.13,-70.81,-89.13,-8.190,3.300,-0.170
341339,359.56,-72.06,-103.12,-8.550,3.070,-1.430
341351,1.62,-72.44,-110.00,-8.400,2.890,-1.910
341363,4.00,-72.81,-117.62,-7.680,3.150,-2.440
341377,6.56,-73.00,-125.12,-8.020,1.220,-2.040
341389,10.63,-72.62,-138.88,-7.760,1.730,-3.530
341401,12.37,-72.06,-144.94,-7.990,1.810,-4.220
341413,13.88,-71.25,-150.56,-8.840,2.150,-4.870
341427,15.19,-70.31,-155.44,-9.900,1.870,-4.680
341439,16.81,-68.06,-162.00,-10.250,1.420,-5.770
341451,17.06,-66.87,-163.56,-9.830,1.610,-6.150
341463,17.06,-65.69,-164.69,-9.060,1.820,-6.370
341477,16.75,-64.44,-165.50,-8.850,2.210,-6.470
341489,15.50,-62.00,-166.50,-8.580,2.650,-6.550
341502,14.56,-60.88,-166.62,-8.710,2.150,-6.620
341514,13.38,-59.81,-166.37,-8.240,1.610,-6.720
341528,11.94,-58.69,-165.88,-7.760,1.880,-6.830
341540,8.63,-56.75,-164.19,-7.830,1.860,-6.430
341552,7.00,-56.00,-163.25,-8.350,1.530,-6.190
341564,5.50,-55.50,-162.25,-8.450,1.360,-5.980
341578,4.19,-55.12,-161.37,-8.190,1.470,-5.730
341590,2.31,-54.69,-159.87,-7.310,2.090,-5.060
341628,1.56,-54.94,-158.87,-6.790,2.110,-5.760
341640,1.94,-55.63,-158.63,-6.870,2.070,-5.560
341652,2.31,-56.06,-158.63,-6.990,2.190,-5.300
341664,2.81,-56.44,-158.81,-7.220,1.610,-5.070
341678,3.31,-56.81,-159.19,-7.270,1.240,-5.190
341690,4.37,-57.44,-160.06,-7.510,0.950,-5.430
341702,4.94,-57.81,-160.44,-7.380,0.890,-5.300
341714,5.44,-58.13,-160.75,-7.260,0.910,-5.100
341728,5.87,-58.56,-161.00,-7.040,0.840,-4.890
341740,7.00,-59.38,-161.81,-6.390,0.930,-4.560
341752,7.75,-59.81,-162.37,-6.290,1.120,-4.470
341764,8.56,-60.25,-163.12,-6.260,1.270,-4.240
341778,9.38,-60.63,-164.06,-6.400,1.110,-3.810
341790,11.25,-61.37,-166.12,-6.640,0.680,-4.050
341802,12.19,-61.63,-167.31,-6.880,0.790,-4.270
341814,13.13,-61.88,-168.44,-7.130,1.050,-4.290
341828,14.06,-62.00,-169.69,-7.260,0.930,-4.230
341840,15.75,-62.06,-172.06,-7.910,0.300,-4.590
341853,16.56,-62.00,-173.19,-8.200,0.290,-4.970
341865,17.37,-61.94,-174.25,-8.340,0.430,-5.260
341879,18.12,-61.75,-175.31,-8.490,0.660,-5.360
341891,19.56,-61.37,-177.12,-8.560,0.390,-5.420
341903,20.19,-61.25,-177.94,-8.690,0.190,-5.670
341915,20.81,-61.06,-178.75,-8.880,0.230,-6.110
341929,21.37,-60.94,-179.44,-8.820,0.290,-6.150
341941,22.44,-60.81,179.12,-8.650,0.200,-5.810
341953,22.94,-60.81,178.50,-8.610,-0.190,-5.650
341965,23.38,-60.81,177.87,-8.610,-0.280,-5.760
341979,23.87,-60.88,177.31,-8.570,-0.360,-5.910
341991,24.69,-61.06,176.19,-8.190,-0.140,-5.640
342003,25.06,-61.19,175.62,-8.130,-0.200,-5.410
342015,25.37,-61.37,175.12,-8.060,-0.520,-5.250
342029,25.75,-61.50,174.62,-8.060,-0.690,-5.340
342041,26.25,-61.81,173.75,-7.950,-0.440,-5.280
342053,26.50,-61.88,173.38,-7.570,-0.460,-4.760
342065,26.62,-62.00,173.06,-7.470,-0.520,-4.550
342079,26.81,-62.06,172.75,-7.440,-0.640,-4.500
342091,27.13,-62.19,172.19,-7.480,-0.410,-4.790
342103,27.25,-62.19,171.94,-7.420,-0.340,-4.740
342115,27.44,-62.19,171.69,-7.320,-0.340,-4.530
342129,27.31,-61.81,171.87,-7.360,-0.390,-4.360
342141,27.56,-61.19,171.62,-7.480,-0.710,-4.720
342154,27.69,-60.81,171.50,-7.610,-0.590,-4.980
342166,27.75,-60.69,171.31,-7.810,-0.380,-4.970
342180,27.87,-60.63,171.13,-7.770,-0.510,-4.850
342192,28.00,-60.50,170.69,-7.940,-0.620,-4.740
342204,28.00,-60.44,170.50,-8.080,-0.630,-4.980
342216,28.00,-60.44,170.31,-8.000,-0.670,-5.020
342230,28.06,-60.38,170.12,-8.120,-0.460,-4.910
342242,28.00,-60.25,169.87,-7.890,-0.720,-4.370
342254,27.87,-60.12,169.81,-7.970,-0.860,-4.470
342266,27.69,-59.94,169.81,-8.020,-0.930,-4.600
342280,27.56,-59.75,169.94,-8.060,-0.680,-4.880
342292,27.00,-59.31,170.38,-8.050,-0.810,-4.650
342304,26.62,-59.06,170.62,-8.100,-0.890,-4.650
342316,26.25,-58.87,170.94,-8.080,-1.060,-5.000
342330,25.88,-58.63,171.31,-8.120,-0.920,-5.250
342342,24.87,-58.19,172.06,-7.580,-0.700,-5.020
342354,24.31,-58.00,172.56,-7.580,-0.870,-4.750
342366,23.75,-57.75,173.06,-7.660,-1.020,-4.700
342380,23.06,-57.44,173.62,-7.580,-1.140,-4.830
342392,21.75,-56.81,174.81,-7.500,-0.860,-5.160
342404,21.25,-56.56,175.31,-7.380,-0.700,-5.080
342416,20.69,-56.25,175.81,-7.200,-0.910,-4.900
342430,20.19,-56.06,176.31,-7.240,-1.020,-4.970
342442,19.37,-55.69,177.12,-7.460,-1.010,-5.450
342454,19.12,-55.50,177.44,-7.360,-0.530,-5.750
342466,18.75,-55.31,177.87,-7.170,-0.430,-5.570
342480,18.44,-55.12,178.31,-7.030,-0.360,-5.430
342492,17.56,-54.56,179.31,-6.750,-0.260,-5.770
342505,17.06,-54.25,179.87,-6.770,-0.030,-5.980
342517,16.56,-53.87,-179.56,-6.810,0.120,-5.980
342531,16.00,-53.44,-179.00,-6.510,0.470,-5.720
342543,14.81,-52.62,-178.00,-6.400,0.280,-5.530
342555,14.13,-52.19,-177.44,-6.490,0.270,-5.700
342567,13.50,-51.69,-177.00,-6.420,0.750,-6.180
342581,12.81,-51.25,-176.50,-6.590,0.860,-6.160
342593,11.50,-50.19,-175.75,-6.560,0.850,-5.970
342631,9.94,-48.69,-175.12,-6.710,0.980,-7.030
