124246,199.75,20.06,12.06,1.350,-7.870,-2.560
124259,199.75,20.25,19.50,2.160,-12.380,1.090
124271,199.62,20.00,23.81,3.320,-18.440,6.990
124283,199.44,19.31,28.62,3.830,-21.590,10.730
124296,199.25,18.31,33.69,4.470,-23.750,13.350
124309,198.50,16.06,43.63,7.050,-29.700,29.820
124321,198.00,14.94,48.13,7.400,-31.330,34.840
124333,197.44,14.19,51.75,9.790,-33.440,38.700
124347,196.63,13.56,54.88,11.150,-38.060,39.210
124359,196.50,12.13,59.63,11.020,-39.140,39.210
124371,196.50,11.94,59.50,9.670,-39.140,39.210
124383,195.94,12.31,56.63,9.460,-33.600,35.880
124397,195.25,13.13,51.94,9.550,-26.850,25.370
124409,193.56,15.19,41.31,9.700,-13.690,11.230
124421,192.81,15.94,37.50,13.070,-9.550,9.470
124433,192.56,16.69,35.06,13.670,-11.210,11.050
124447,193.13,17.31,33.38,12.350,-14.230,12.890
124460,195.81,17.75,28.87,3.580,-19.100,14.500
124472,196.94,17.50,25.37,1.000,-18.560,12.010
124484,197.62,17.31,21.25,0.400,-16.910,8.400
124497,198.06,17.37,16.94,0.090,-11.130,0.190
124534,200.81,18.94,0.19,-1.530,-4.860,-3.740
124548,201.75,18.94,-3.12,-2.700,-4.060,-3.290
124561,203.25,18.75,-9.00,-2.880,-3.090,-3.550
124573,203.88,18.69,-11.63,-2.660,-2.590,-3.900
124585,204.31,18.56,-14.13,-2.490,-2.130,-4.310
124598,204.63,18.37,-16.44,-2.070,1.050,-5.730
124611,204.94,17.75,-20.31,-2.420,0.720,-6.470
124623,205.00,17.37,-21.81,-2.900,0.890,-6.600
124635,205.12,17.06,-23.00,-2.720,1.280,-6.110
124648,205.25,16.87,-23.94,-2.540,1.350,-5.630
124661,205.06,16.69,-25.31,-1.970,1.520,-5.410
124673,204.81,16.62,-25.75,-0.990,2.040,-5.520
124685,204.63,16.56,-26.12,-0.750,1.960,-5.640
124698,204.44,16.50,-26.37,-0.610,2.140,-5.600
124711,204.19,16.25,-26.75,-0.840,2.590,-5.940
124723,204.06,16.12,-26.81,-0.840,3.220,-6.330
124735,203.94,15.94,-26.81,-0.920,3.310,-6.790
124748,203.81,15.81,-26.62,-1.080,3.920,-7.520
124761,203.88,15.50,-25.75,-1.920,4.260,-7.780
124773,203.94,15.44,-25.06,-1.920,3.740,-7.890
124785,203.94,15.44,-24.06,-1.770,3.380,-7.840
124798,203.88,15.50,-22.87,-1.420,2.800,-7.740
124811,203.56,15.81,-19.62,-0.340,0.730,-7.000
124823,203.31,15.94,-17.56,-0.250,0.230,-6.920
124835,203.12,16.00,-15.44,-0.200,-0.260,-7.010
124848,202.94,16.00,-13.13,-0.420,-0.630,-7.080
124861,203.00,15.88,-8.06,-2.190,-2.860,-6.490
124873,203.12,15.94,-5.25,-2.590,-3.960,-5.970
124885,203.25,16.12,-2.19,-1.960,-6.500,-4.300
124899,203.37,16.50,1.00,-1.320,-7.750,-3.100
124911,203.44,17.75,8.31,0.490,-10.430,-0.140
124923,203.31,18.44,12.44,2.200,-14.380,3.820
124935,203.00,19.00,16.81,3.380,-17.320,6.500
124949,202.56,19.50,21.62,5.280,-20.390,9.820
124961,201.25,19.81,32.19,12.690,-30.320,24.030
124973,200.31,19.37,37.75,15.660,-33.170,29.820
124985,199.19,18.37,42.94,17.700,-34.140,33.920
124999,198.19,17.19,47.31,18.750,-34.630,39.210
125012,197.31,15.44,54.13,17.360,-39.140,39.210
125024,198.00,14.94,56.13,13.890,-39.140,39.210
125036,198.50,14.94,55.56,11.520,-38.020,39.210
125049,197.94,15.13,52.06,11.500,-29.030,37.710
125062,196.44,17.00,40.88,10.320,-14.250,12.480
125074,196.00,18.19,35.69,10.300,-9.520,10.020
125086,196.00,19.06,31.87,10.910,-7.690,9.480
125099,196.37,19.56,29.00,11.190,-9.470,11.500
125112,198.31,20.12,24.50,7.650,-16.310,14.980
125124,199.38,19.87,21.81,5.500,-17.140,14.190
125136,200.06,19.25,18.50,2.650,-15.790,9.540
125149,200.38,18.62,14.75,2.110,-13.890,6.130
125162,201.00,17.94,6.37,0.390,-9.540,0.230
125174,201.62,18.00,2.12,-0.280,-5.820,-2.750
125186,202.50,18.06,-1.75,-0.830,-5.030,-3.170
125200,203.44,18.00,-5.31,-1.620,-4.410,-3.140
125212,205.00,17.56,-11.19,-2.040,-3.830,-2.760
125224,205.37,17.25,-13.62,-1.890,-3.430,-3.030
125236,205.56,17.00,-15.75,-1.520,-2.750,-3.310
125250,205.62,16.75,-17.75,-0.690,-1.720,-4.220
125263,205.62,16.25,-21.37,-0.670,-0.910,-4.790
125275,205.69,15.81,-23.06,-1.130,0.680,-5.500
125287,205.69,15.31,-24.37,-2.240,-0.480,-5.590
125300,205.81,14.81,-25.56,-2.360,0.950,-5.150
125313,206.13,14.31,-27.50,-1.830,0.610,-4.160
125325,206.13,14.19,-28.31,-1.710,0.380,-4.540
125337,206.00,14.06,-29.12,-1.610,1.140,-5.070
125350,205.87,13.94,-29.87,-1.470,2.030,-5.920
125363,205.81,13.81,-31.37,-2.130,3.610,-7.760
125375,205.94,13.75,-31.94,-2.320,3.560,-8.370
125387,206.06,13.81,-32.38,-2.300,4.540,-9.210
125400,206.13,13.88,-32.63,-2.170,4.940,-9.540
125413,206.19,14.06,-32.13,-2.630,4.310,-9.850
125425,206.19,14.19,-31.44,-2.920,3.900,-9.490
125437,206.13,14.38,-30.44,-2.670,3.520,-9.490
125451,205.94,14.63,-29.19,-2.640,3.110,-9.630
125463,205.37,15.00,-25.94,-2.630,1.240,-9.860
125475,205.12,15.19,-23.87,-2.650,0.510,-9.730
125487,204.87,15.50,-21.62,-2.660,-0.350,-9.540
125501,204.63,15.81,-19.06,-2.090,-2.560,-8.930
125538,203.69,17.56,-6.62,-1.180,-8.290,-6.480
125551,203.56,18.12,-3.06,-0.820,-9.890,-5.630
125564,203.37,19.37,4.94,2.430,-15.490,1.260
125576,203.00,19.81,9.69,3.470,-18.020,4.970
125588,202.44,19.87,14.94,4.970,-21.010,9.390
125601,201.69,19.56,20.62,6.820,-24.420,14.480
125614,200.25,18.19,31.87,13.740,-31.920,33.020
125626,199.62,17.44,36.94,15.640,-32.710,36.230
125638,199.12,16.75,41.13,15.650,-31.940,39.200
125651,198.94,16.31,44.56,15.860,-32.960,39.210
125664,197.81,15.81,49.13,18.510,-35.930,39.210
125676,197.37,15.25,50.44,15.700,-35.880,39.210
125688,197.19,14.87,50.25,13.440,-33.030,39.210
125701,197.00,15.19,48.00,12.000,-27.970,39.130
125714,196.44,16.81,39.06,10.080,-12.590,19.150
125726,195.69,17.75,34.69,12.570,-10.190,16.340
125738,195.19,18.94,31.44,15.440,-9.950,15.240
125752,195.56,20.19,29.06,13.580,-15.070,16.650
125764,197.69,21.12,23.81,6.850,-18.350,15.960
125776,198.62,20.94,20.44,4.480,-18.080,13.420
125788,199.25,20.62,16.56,2.910,-14.550,6.360
125802,199.62,20.50,12.37,2.060,-12.490,3.090
125814,200.87,21.12,3.94,1.540,-7.910,-1.750
125826,201.81,21.50,0.06,0.990,-7.450,-2.090
125838,202.87,21.69,-3.44,0.100,-6.760,-2.230
125852,203.81,21.50,-6.62,-0.710,-6.060,-2.480
125865,205.50,20.69,-12.25,-2.520,-4.690,-3.490
125877,206.25,20.25,-14.75,-2.930,-3.870,-4.040
125889,206.94,19.81,-17.06,-3.800,-2.390,-5.460
125902,207.56,19.37,-19.25,-4.200,-1.710,-5.990
125915,208.63,18.50,-23.00,-4.740,-0.430,-6.720
125927,209.00,18.19,-24.50,-4.430,0.150,-6.730
125939,209.25,17.94,-25.75,-4.140,0.380,-6.730
125952,209.31,17.75,-26.81,-3.790,0.830,-6.820
125965,209.06,17.44,-28.25,-2.750,1.920,-7.420
125977,208.94,17.31,-28.69,-2.660,2.080,-7.590
125989,208.81,17.25,-29.06,-2.670,2.320,-7.760
126002,208.75,17.19,-29.31,-2.600,2.760,-8.030
126015,208.69,17.25,-29.44,-2.010,3.140,-8.450
126027,208.63,17.44,-29.31,-1.790,3.230,-8.640
126039,208.56,17.62,-29.00,-1.950,3.240,-8.730
126053,208.56,17.81,-28.50,-1.900,3.100,-8.570
126065,208.56,18.25,-26.94,-2.670,2.480,-8.760
126077,208.44,18.50,-25.94,-2.760,2.100,-8.890
126089,208.38,18.81,-24.75,-2.730,1.720,-9.070
126103,208.25,19.12,-23.38,-2.910,1.280,-9.280
126116,207.94,19.94,-20.00,-2.630,-0.550,-9.720
126128,207.75,20.44,-17.87,-2.380,-1.440,-9.600
126140,207.50,20.94,-15.44,-1.840,-3.390,-8.940
126153,207.25,21.50,-12.69,-1.770,-4.170,-8.470
126166,206.69,22.50,-6.44,-1.410,-6.830,-7.240
126178,206.44,23.00,-2.94,-0.810,-9.900,-5.090
126190,206.25,23.50,0.69,-0.350,-12.130,-3.440
126203,206.00,24.00,4.75,0.770,-14.390,-1.140
126216,205.12,24.81,13.62,6.160,-19.840,8.640
126228,204.38,24.87,18.44,7.780,-21.020,11.800
126240,203.62,24.50,23.31,8.760,-22.020,15.150
126253,202.94,23.81,28.25,10.030,-22.980,21.860
126266,201.75,22.31,37.06,13.120,-25.410,32.600
126278,201.25,21.94,40.88,15.090,-26.730,36.020
126290,200.69,21.69,44.06,18.310,-26.670,39.210
126304,199.87,21.56,46.50,19.300,-25.830,39.200
126316,197.81,20.88,50.31,25.180,-29.860,39.210
126328,197.06,20.19,51.88,24.710,-31.300,39.210
126340,196.87,19.50,52.56,20.740,-31.450,39.210
126354,197.25,19.19,51.63,16.150,-29.310,39.210
126367,197.75,19.37,45.50,11.240,-19.480,26.180
126379,197.37,19.69,42.06,12.950,-18.140,22.930
126391,197.06,20.44,39.13,13.540,-19.450,20.790
126404,197.13,21.19,36.56,12.480,-21.060,20.730
126417,198.44,22.31,30.50,8.070,-22.210,16.830
126429,199.06,22.50,26.62,5.450,-19.870,9.690
126441,199.50,22.56,22.31,4.530,-17.680,5.850
126454,200.06,22.75,17.94,3.410,-15.520,2.770
126467,201.56,23.31,8.63,1.550,-11.150,-1.560
126479,202.50,23.56,4.25,0.790,-10.560,-2.230
126491,203.44,23.50,0.19,0.090,-9.600,-2.720
126504,204.25,23.12,-3.56,-0.660,-7.700,-3.880
126541,206.63,20.50,-16.31,-2.830,-2.420,-6.480
126555,207.12,19.81,-18.87,-2.750,-1.850,-6.390
126568,207.94,18.56,-23.06,-2.490,-1.590,-5.340
126580,208.13,17.94,-24.69,-2.560,-1.520,-5.250
126592,208.25,17.37,-26.12,-2.500,-0.900,-5.310
126605,208.25,16.75,-27.44,-2.980,-0.750,-5.760
126618,208.31,15.81,-30.06,-3.530,1.540,-7.700
126630,208.44,15.44,-31.37,-3.890,2.310,-8.570
126642,208.63,15.13,-32.69,-4.490,3.820,-10.170
126655,208.87,14.87,-33.94,-4.660,4.160,-11.020
126668,209.25,14.63,-35.75,-4.450,4.850,-11.990
126680,209.25,14.63,-36.19,-4.530,5.590,-12.110
126692,209.12,14.69,-36.31,-4.360,5.390,-12.220
126705,208.87,14.87,-36.00,-4.370,4.960,-12.070
126718,208.25,15.50,-34.56,-3.330,3.790,-10.770
126730,208.00,15.94,-33.56,-2.980,3.310,-10.500
126742,207.69,16.50,-32.25,-2.500,2.940,-10.650
126755,207.37,17.00,-31.00,-1.840,1.960,-11.110
126768,206.87,18.06,-27.56,-2.520,0.210,-10.900
126780,206.63,18.56,-25.62,-2.370,-0.760,-10.680
126792,206.31,19.19,-23.19,-1.610,-2.510,-10.360
126806,205.94,19.81,-20.75,-1.220,-3.190,-10.250
126818,205.12,21.19,-14.69,1.150,-6.560,-8.930
126830,204.87,21.81,-11.44,1.490,-7.590,-8.380
126842,204.69,22.50,-8.00,1.800,-9.020,-7.600
126856,204.63,23.06,-4.31,2.020,-10.550,-6.710
126868,204.56,24.00,3.81,2.980,-17.000,0.110
126880,204.31,24.25,8.31,3.850,-18.790,2.940
126892,203.94,24.25,13.06,6.520,-21.280,8.930
126906,203.50,23.94,17.81,7.430,-22.610,12.510
126919,202.94,22.56,27.19,10.130,-26.210,22.610
126931,202.75,21.75,31.00,12.210,-27.030,31.760
126943,202.50,21.00,34.19,13.300,-26.660,36.850
126956,202.19,20.37,36.88,13.760,-25.250,39.210
126969,201.69,19.56,40.31,15.420,-22.520,39.210
126981,201.50,19.44,41.25,16.070,-21.360,39.210
126993,201.19,19.31,41.81,16.880,-20.700,39.210
127006,200.87,19.00,42.13,17.240,-22.020,39.210
127019,200.31,18.06,40.63,15.780,-22.780,39.210
127031,200.00,17.75,38.25,14.270,-21.150,39.210
127043,199.81,17.69,35.25,12.350,-18.130,33.010
127056,199.75,17.81,31.94,11.510,-17.060,28.930
127069,200.38,18.31,25.69,7.140,-17.130,21.720
127081,200.62,18.44,22.25,6.450,-18.150,20.240
127093,200.75,18.62,18.62,5.820,-17.350,17.760
127107,200.69,18.87,14.81,6.140,-16.870,14.960
127119,200.62,19.69,6.69,6.250,-13.750,6.300
127131,200.87,20.19,2.56,6.130,-12.700,3.990
127143,201.31,20.56,-1.50,4.670,-10.720,0.710
127157,202.00,20.69,-5.44,3.470,-9.770,-0.610
127170,203.56,20.31,-13.00,1.180,-7.680,-2.910
127182,204.38,19.94,-16.50,-0.110,-5.380,-5.000
127194,205.19,19.56,-19.75,-0.720,-4.480,-5.770
127207,206.06,19.06,-22.62,-1.380,-3.830,-6.270
127220,207.62,17.87,-27.31,-2.980,-1.860,-7.370
127232,208.19,17.25,-29.19,-3.180,-1.830,-7.660
127244,208.69,16.62,-30.81,-3.620,-1.870,-7.910
127257,209.00,16.06,-32.19,-4.480,-0.570,-8.520
127270,209.69,15.19,-34.63,-4.780,0.150,-9.000
127282,210.00,14.94,-35.69,-4.950,0.170,-9.300
127294,210.31,14.75,-36.56,-4.260,0.040,-9.130
127307,210.44,14.69,-37.25,-3.770,0.250,-9.800
127320,210.13,14.81,-38.13,-3.250,1.500,-11.870
127332,210.00,14.87,-38.25,-3.060,1.780,-12.000
127344,210.00,14.94,-38.13,-3.280,1.980,-11.770
127358,210.00,15.06,-37.88,-3.440,1.880,-11.440
127370,210.06,15.56,-36.81,-2.720,2.150,-11.170
127382,210.06,15.88,-36.00,-2.680,2.090,-11.110
127394,210.00,16.12,-35.00,-2.750,1.300,-10.630
127408,209.87,16.44,-33.75,-2.910,0.930,-10.630
127421,209.62,17.19,-30.75,-2.980,0.190,-11.130
127433,209.50,17.69,-29.00,-2.260,-1.030,-11.130
127445,209.44,18.25,-26.94,-1.860,-1.910,-10.750
127458,209.37,18.81,-24.63,-1.560,-2.990,-10.200
127471,209.19,19.81,-18.94,-0.770,-6.910,-6.700
127483,209.00,20.25,-15.56,-0.630,-8.340,-5.320
127495,208.69,20.62,-11.94,-0.600,-9.640,-4.020
127508,208.44,20.88,-8.13,-0.340,-11.960,-1.430
127545,208.00,22.56,7.31,2.450,-16.530,10.370
127559,207.75,22.94,11.63,4.570,-18.130,14.140
127571,206.56,22.81,20.94,10.830,-21.970,27.490
127583,205.62,22.31,25.50,12.970,-22.690,31.300
127595,204.44,21.69,29.50,14.720,-21.780,32.660
127609,203.06,21.12,32.69,16.960,-23.350,37.080
127621,200.94,20.50,38.00,21.870,-20.130,39.200
127633,200.31,20.37,39.69,22.460,-19.320,39.210
127645,200.13,20.25,40.88,22.120,-19.750,39.210
127659,200.31,20.06,41.56,20.110,-21.060,39.210
127671,201.06,19.44,40.69,15.020,-21.460,39.210
127683,201.31,19.31,38.94,13.170,-19.400,36.320
127695,201.31,19.31,36.50,12.020,-18.120,31.880
127709,201.25,19.56,33.69,12.340,-16.840,28.190
127721,201.81,20.62,27.75,10.940,-16.030,21.090
127734,202.38,21.00,24.75,9.930,-16.710,20.030
127746,203.00,21.19,21.75,9.010,-16.150,17.180
127759,203.50,21.25,18.31,6.640,-16.230,13.480
127772,204.56,21.06,10.88,4.530,-14.580,9.020
127784,205.12,20.94,6.94,3.430,-13.670,6.940
127796,205.75,20.88,3.00,2.040,-11.130,3.410
127809,206.44,20.81,-0.81,1.430,-9.850,1.950
127822,207.87,20.44,-8.13,-0.430,-6.920,-1.040
127834,208.56,20.12,-11.50,-0.970,-6.080,-1.690
127846,209.25,19.75,-14.69,-1.350,-5.330,-2.280
127860,209.75,19.37,-17.56,-1.560,-4.650,-2.830
127872,210.69,18.56,-22.69,-2.230,-2.910,-4.120
127884,211.06,18.12,-24.87,-2.230,-2.110,-4.500
127896,211.31,17.62,-26.81,-2.560,-1.860,-5.010
127910,211.56,17.12,-28.62,-3.070,-0.790,-5.880
127923,211.94,16.19,-31.75,-3.330,0.130,-6.810
127935,212.06,15.69,-33.19,-3.650,1.370,-7.560
127947,212.25,15.31,-34.44,-3.820,1.540,-7.970
127960,212.31,14.94,-35.56,-3.880,2.070,-8.400
127973,212.31,14.56,-37.31,-3.080,2.780,-9.490
127985,212.25,14.50,-37.88,-2.830,2.820,-9.750
127997,212.12,14.44,-38.25,-2.630,3.110,-9.940
128010,212.00,14.44,-38.44,-2.390,2.970,-10.400
128023,211.94,14.44,-38.38,-2.810,2.940,-10.740
128035,212.00,14.44,-38.13,-2.840,2.810,-10.750
128047,212.12,14.50,-37.63,-3.140,2.420,-10.850
128060,212.19,14.63,-37.00,-3.200,2.300,-10.910
128073,212.19,14.94,-35.06,-3.560,1.530,-11.140
128085,212.12,15.13,-33.75,-3.710,1.170,-11.240
128097,212.06,15.44,-32.25,-3.770,0.640,-11.490
128111,212.00,15.75,-30.50,-3.790,0.050,-11.690
128123,211.75,16.69,-26.06,-3.140,-2.630,-11.180
128135,211.56,17.25,-23.31,-2.750,-3.840,-10.550
128147,211.25,17.75,-20.25,-2.400,-5.210,-9.700
128161,211.00,18.12,-16.94,-2.350,-7.680,-8.050
128173,210.56,18.87,-9.50,-2.550,-10.030,-6.400
128185,210.44,19.25,-5.31,-2.060,-14.120,-2.470
128197,210.25,19.62,-0.75,-1.370,-16.140,0.550
128211,209.94,20.00,4.06,0.440,-18.340,4.240
128224,208.63,20.25,14.63,7.480,-25.260,17.740
128236,207.75,19.87,20.12,9.440,-26.540,22.630
128248,206.81,19.37,25.44,11.330,-27.210,27.200
128261,205.87,18.94,30.12,15.080,-28.500,35.580
128274,203.75,18.69,37.63,20.720,-26.510,39.210
128286,202.69,18.75,40.25,22.130,-25.730,39.200
128298,201.75,18.75,42.19,25.590,-25.250,39.210
128311,201.25,18.50,43.81,26.080,-26.460,39.210
128324,202.38,17.25,45.75,13.330,-32.560,39.210
128336,203.50,16.81,44.56,8.800,-30.820,39.210
128348,204.06,16.69,41.63,6.230,-26.140,38.990
128361,203.75,16.81,37.81,6.420,-21.140,33.400
128374,201.62,18.12,31.37,14.720,-17.070,21.600
128386,201.19,19.19,28.81,16.410,-18.600,21.340
128398,201.56,20.00,26.00,15.550,-19.470,20.980
128412,202.25,20.25,22.81,8.590,-21.560,16.710
128424,203.62,19.81,15.19,3.530,-18.120,8.730
128436,204.00,19.62,10.88,0.800,-14.090,2.730
128448,204.44,19.75,6.50,0.500,-12.590,0.490
128462,205.06,20.19,2.19,0.470,-11.520,-0.910
128475,206.69,21.12,-6.00,-0.400,-9.120,-3.190
128487,207.62,21.12,-9.88,-0.970,-8.170,-3.960
128499,208.50,21.00,-13.62,-1.650,-6.970,-4.880
128512,209.37,20.62,-17.19,-3.230,-4.680,-7.240
128549,213.00,18.62,-28.94,-5.800,-1.270,-10.610
128562,213.75,17.94,-31.00,-6.240,-0.480,-10.510
128575,214.75,16.81,-33.94,-6.180,0.510,-9.610
128587,214.88,16.56,-34.81,-5.530,0.580,-8.850
128599,214.75,16.37,-35.38,-4.630,0.700,-8.120
128612,214.50,16.37,-35.75,-3.890,0.680,-7.730
128625,213.81,16.31,-36.44,-2.760,1.720,-7.880
128637,213.44,16.25,-36.75,-2.720,2.080,-8.460
128649,213.12,16.12,-37.06,-2.810,2.810,-9.130
128663,213.00,16.12,-37.25,-2.980,3.540,-10.030
128675,213.06,16.06,-37.44,-3.340,4.050,-10.650
128687,213.12,16.06,-37.25,-3.910,4.230,-11.100
128699,213.25,16.12,-36.88,-4.160,4.070,-11.380
128713,213.25,16.25,-36.19,-4.200,3.770,-11.580
128726,213.06,16.75,-33.94,-4.060,2.110,-11.430
128738,212.81,17.06,-32.31,-3.610,1.120,-11.070
128750,212.38,17.50,-30.31,-3.390,0.000,-10.710
128763,212.00,17.94,-28.06,-2.930,-2.020,-10.360
128776,211.25,18.87,-22.87,-2.570,-4.420,-9.840
128788,211.00,19.44,-19.94,-2.700,-5.610,-9.480
128800,210.69,20.00,-16.75,-2.710,-8.040,-8.680
128813,210.44,20.62,-13.31,-2.610,-9.330,-7.940
128826,209.94,22.06,-5.69,-0.900,-15.650,-3.910
128838,209.69,22.81,-1.44,0.240,-17.730,-1.470
128850,209.37,23.56,3.12,1.350,-19.980,1.370
128863,208.94,24.06,8.13,2.750,-21.290,4.740
128876,207.37,24.06,18.75,8.100,-25.070,17.340
128888,206.25,23.62,24.06,10.330,-25.790,21.800
128900,204.94,23.00,29.19,13.160,-27.020,26.320
128914,203.50,22.44,34.19,19.360,-27.240,31.790
128926,200.31,21.44,42.19,26.340,-28.050,39.210
128938,198.94,21.00,45.50,30.780,-29.680,39.210
128950,198.13,20.56,47.56,30.820,-27.680,39.210
128964,197.94,20.31,48.56,29.420,-28.820,39.210
128977,199.38,19.87,48.06,17.950,-28.130,39.210
128989,200.25,19.81,46.37,14.660,-26.270,39.210
129001,200.75,19.81,43.81,12.310,-24.260,37.050
129014,200.87,19.87,40.56,10.470,-20.990,26.830
129027,200.94,20.88,33.69,10.480,-19.080,19.970
129039,201.25,21.50,30.19,9.520,-18.720,17.970
129051,201.88,22.00,26.75,7.090,-18.230,12.900
129064,202.44,22.37,23.12,5.880,-18.560,11.170
129077,203.44,22.69,15.25,3.170,-14.160,4.130
129089,203.88,22.81,11.19,2.710,-12.520,2.290
129101,204.38,22.87,7.19,2.510,-11.130,0.740
129114,204.87,23.00,3.25,2.380,-9.630,-0.450
129127,206.13,22.94,-4.00,0.720,-5.860,-3.200
129139,206.81,22.69,-7.37,0.270,-4.950,-3.660
129151,207.44,22.37,-10.56,-0.180,-4.190,-4.050
129165,208.06,22.00,-13.38,-0.710,-3.230,-4.620
129177,209.31,21.06,-18.37,-1.250,-3.400,-4.720
129189,209.81,20.44,-20.56,-2.070,-0.870,-5.090
129201,210.31,19.69,-22.37,-3.230,-1.520,-5.360
129215,210.75,19.00,-23.94,-3.700,-0.640,-5.220
129227,211.81,18.06,-26.69,-3.400,-0.160,-4.270
129239,212.19,17.69,-27.94,-3.120,0.600,-4.550
129251,212.31,17.44,-29.06,-2.850,0.610,-5.120
129265,212.38,17.25,-30.12,-2.070,1.880,-6.010
129278,212.44,16.81,-31.94,-2.660,2.360,-6.760
129290,212.56,16.50,-32.75,-2.780,2.770,-6.990
129302,212.63,16.25,-33.44,-3.300,3.250,-8.090
129315,212.69,15.94,-34.06,-3.570,3.740,-8.680
129328,212.75,15.56,-34.88,-3.780,4.170,-9.610
129340,212.75,15.44,-34.94,-4.210,3.980,-10.270
129352,212.75,15.44,-34.75,-4.010,4.220,-10.550
129365,212.69,15.50,-34.44,-4.190,3.990,-11.010
129378,212.50,15.94,-32.94,-4.150,2.900,-11.570
129390,212.31,16.31,-31.87,-3.970,2.380,-11.500
129402,212.19,16.75,-30.44,-3.790,1.710,-11.360
129415,211.94,17.31,-28.69,-3.250,-0.170,-10.780
129428,211.37,18.56,-24.44,-2.460,-2.370,-9.690
129440,211.06,19.19,-21.94,-2.160,-4.590,-8.880
129452,210.69,19.81,-19.19,-2.120,-5.780,-8.740
129466,210.31,20.44,-16.25,-1.750,-6.730,-8.780
129478,209.56,21.81,-10.00,-0.430,-10.560,-8.000
129490,209.25,22.62,-6.50,0.530,-12.720,-6.410
129502,209.00,23.50,-2.69,1.990,-15.840,-4.000
129516,208.63,24.25,1.50,5.310,-21.700,1.370
129553,205.87,24.56,20.88,13.540,-24.020,21.150
129566,205.87,23.25,25.62,12.250,-23.300,26.570
129579,207.31,19.87,33.56,6.620,-23.830,38.790
129591,208.31,18.37,36.88,2.840,-25.220,39.180
129603,208.69,17.06,39.50,1.580,-24.090,39.210
129616,208.06,16.12,41.44,6.370,-22.770,39.210
129629,203.56,16.00,44.63,27.850,-25.000,39.210
129641,200.94,16.50,45.94,33.300,-26.000,39.210
129653,199.31,16.87,46.44,32.420,-26.310,39.210
129667,199.19,17.06,45.50,22.180,-24.350,38.780
129679,201.69,16.69,39.94,8.640,-21.450,30.180
129691,203.00,16.19,36.44,2.870,-20.200,23.520
129703,203.94,15.81,33.06,1.800,-20.360,21.640
129717,204.69,15.50,29.75,1.220,-21.020,20.190
129729,205.50,15.00,23.06,0.740,-20.390,13.670
129741,205.50,15.06,19.31,1.380,-19.450,11.150
129753,205.50,15.38,15.50,2.130,-17.270,6.850
129767,205.37,15.94,11.31,3.010,-13.870,2.110
129780,205.56,17.44,2.31,3.520,-10.310,-1.870
129792,206.00,18.06,-1.94,3.130,-8.780,-3.090
129804,206.63,18.31,-6.12,1.250,-6.060,-4.060
129817,207.37,18.25,-9.94,0.120,-5.160,-4.420
129830,208.94,17.62,-16.87,-1.440,-3.260,-5.350
129842,209.62,17.25,-19.94,-1.550,-1.660,-6.100
129854,210.25,16.87,-22.69,-1.500,-1.060,-6.330
129867,210.81,16.56,-25.12,-1.670,-0.710,-6.380
129880,211.87,15.75,-29.06,-3.050,-0.120,-6.050
129892,212.31,15.31,-30.62,-3.300,0.410,-5.920
129904,212.75,14.94,-32.06,-3.530,0.470,-5.910
129917,213.12,14.63,-33.31,-3.450,1.100,-6.130
129930,213.62,14.25,-35.38,-3.310,1.290,-6.160
129942,213.75,14.19,-36.19,-2.860,1.540,-6.050
129954,213.87,14.13,-36.88,-3.000,1.450,-6.320
129968,213.87,14.13,-37.50,-2.930,1.450,-6.640
129980,213.81,14.13,-38.63,-3.030,2.490,-8.340
129992,213.87,14.19,-39.06,-3.270,3.190,-9.000
130004,213.94,14.31,-39.44,-3.220,3.480,-9.500
130018,213.94,14.50,-39.56,-2.590,3.920,-9.730
130031,213.87,15.00,-39.06,-2.540,3.660,-9.890
130043,213.69,15.25,-38.38,-2.420,3.520,-9.650
130055,213.56,15.56,-37.50,-2.400,2.780,-9.470
130068,213.37,15.88,-36.44,-2.420,2.520,-9.630
130081,212.94,16.50,-33.81,-2.550,1.710,-10.100
130093,212.75,16.87,-32.13,-2.900,0.260,-10.190
130105,212.56,17.25,-30.25,-3.020,-0.570,-10.180
130118,212.31,17.62,-28.12,-2.830,-1.500,-10.060
130131,211.81,18.69,-23.19,-1.480,-4.540,-9.310
130143,211.50,19.25,-20.25,-0.840,-5.970,-8.880
130155,211.12,19.81,-17.06,-0.300,-7.340,-8.490
130169,210.69,20.31,-13.62,0.640,-10.450,-7.480
130181,209.87,21.37,-5.81,2.150,-14.680,-5.080
130193,209.50,21.94,-1.37,5.480,-19.030,-0.190
130205,209.00,22.44,3.31,6.880,-20.750,3.040
130219,208.56,22.69,8.31,7.880,-21.800,6.550
130231,208.19,22.00,18.31,6.970,-22.720,18.180
130243,208.38,21.06,22.94,6.060,-22.830,21.750
130255,208.63,20.00,27.00,5.190,-23.710,27.490
130269,208.94,18.94,31.00,5.600,-25.330,34.840
130282,208.44,17.44,38.81,11.590,-27.240,39.210
130294,207.37,17.00,42.31,15.960,-28.470,39.190
130306,205.87,16.75,45.38,23.970,-29.430,39.210
130319,204.31,16.62,47.81,27.150,-33.210,39.210
130332,202.87,16.50,51.06,24.660,-38.210,39.210
130344,203.56,16.44,50.94,13.200,-35.350,39.210
130356,204.31,16.06,47.38,8.590,-31.920,38.790
130369,205.00,15.63,43.87,6.070,-28.070,33.050
130382,205.19,14.81,35.50,4.030,-22.080,19.540
130394,205.25,15.00,31.62,3.780,-21.450,17.530
130406,205.62,15.38,27.81,3.460,-21.610,16.080
130419,205.94,15.75,24.00,2.430,-20.890,11.990
130432,205.94,16.69,15.25,2.400,-17.470,4.500
130444,205.87,17.37,10.38,2.670,-13.820,-0.580
130456,205.94,18.25,5.56,3.080,-11.230,-2.830
130470,206.31,19.00,1.00,3.240,-9.250,-4.530
130482,207.94,19.62,-7.19,1.240,-5.940,-5.680
130495,208.87,19.37,-10.75,0.130,-5.400,-5.900
130507,209.75,18.94,-14.13,-1.030,-4.610,-6.130
130520,210.50,18.44,-17.19,-2.410,-2.980,-6.700
130557,212.81,16.50,-26.44,-2.050,-0.580,-6.160
130570,213.25,15.94,-28.06,-2.550,-1.140,-5.860
130583,213.81,14.56,-30.88,-2.990,-0.840,-4.950
130595,213.87,13.94,-32.00,-3.640,0.160,-5.860
130607,213.94,13.44,-33.00,-3.580,0.590,-5.980
130620,214.00,13.06,-33.88,-3.790,0.700,-5.760
130633,213.94,12.50,-35.38,-2.970,1.750,-5.580
130645,213.75,12.25,-36.06,-2.650,2.990,-6.090
130657,213.50,12.13,-36.75,-2.300,2.410,-6.910
130671,213.37,12.00,-37.31,-2.090,4.490,-8.050
130683,213.31,11.88,-38.00,-2.380,4.380,-9.090
130695,213.31,11.88,-38.13,-2.670,4.950,-9.750
130707,213.19,11.88,-38.00,-2.910,5.270,-10.130
130721,213.12,11.94,-37.69,-3.160,5.270,-10.490
130733,212.94,12.37,-36.38,-3.000,4.390,-10.850
130745,212.75,12.81,-35.25,-2.680,3.820,-10.700
130757,212.56,13.19,-33.88,-2.280,3.250,-10.620
130771,212.25,13.62,-32.25,-2.290,1.720,-10.610
130783,211.62,14.50,-28.31,-2.500,0.040,-10.460
130795,211.31,15.00,-26.00,-2.580,-0.950,-10.360
130807,211.00,15.56,-23.50,-2.600,-2.850,-10.130
130821,210.75,16.25,-20.69,-2.290,-3.880,-10.040
130834,209.94,17.87,-14.31,-1.600,-5.930,-9.850
130846,209.44,18.69,-10.69,-0.430,-8.340,-9.510
130858,209.00,19.56,-6.69,-0.030,-10.070,-9.070
130871,208.56,20.37,-2.31,0.350,-11.580,-8.160
130884,207.69,21.44,8.06,2.160,-21.680,-1.950
130896,207.12,21.50,14.00,3.960,-23.600,1.570
130908,206.31,21.00,20.62,4.390,-26.590,5.190
130921,205.12,19.69,27.69,7.980,-33.500,13.740
130934,202.31,15.13,41.75,9.690,-38.340,30.330
130946,201.12,12.75,48.00,11.210,-39.140,39.210
130958,200.31,10.75,52.75,9.160,-39.140,39.180
130972,199.87,9.31,55.50,7.090,-39.140,39.210
130984,198.50,8.00,56.25,9.340,-38.510,39.210
130996,197.25,7.81,55.38,14.010,-34.650,39.210
131008,195.87,7.69,54.25,15.130,-33.240,39.210
131022,194.81,7.94,52.69,17.350,-28.580,38.170
131034,194.75,8.69,47.75,14.040,-25.000,30.950
131046,195.87,8.94,44.44,10.170,-23.960,27.090
131058,197.31,9.19,40.75,3.000,-22.500,21.150
131072,198.62,9.25,36.88,0.990,-21.410,18.450
131085,200.13,9.31,29.06,-1.060,-19.840,12.810
131097,200.44,9.63,25.06,-0.010,-16.760,7.590
131109,200.69,10.06,21.12,0.350,-15.470,5.360
131122,201.06,10.69,17.19,0.370,-14.500,4.050
131135,202.13,12.13,9.63,-0.050,-10.160,-1.070
131147,202.81,12.81,5.69,-0.480,-7.880,-2.100
131159,203.50,13.44,1.81,-0.750,-6.590,-3.110
131172,204.31,13.94,-1.81,-1.450,-4.330,-4.610
131185,205.87,14.50,-8.56,-1.560,-2.460,-5.430
131197,206.50,14.63,-11.44,-1.680,-1.230,-5.880
131209,207.12,14.56,-14.00,-1.760,-0.870,-6.030
131223,207.62,14.44,-16.19,-1.940,-0.410,-6.010
131235,208.56,14.00,-19.62,-2.630,0.400,-5.300
131247,208.94,13.75,-21.00,-2.740,0.180,-5.060
131259,209.25,13.50,-22.19,-2.600,0.700,-4.680
131273,209.44,13.31,-23.31,-2.720,0.690,-4.700
131285,209.56,12.88,-25.19,-2.850,1.500,-5.360
131297,209.50,12.75,-26.00,-2.870,2.120,-5.630
131309,209.44,12.69,-26.75,-2.770,2.980,-6.630
131323,209.37,12.69,-27.44,-2.660,2.860,-7.090
131335,209.12,13.00,-28.31,-1.990,3.610,-7.850
131347,209.06,13.31,-28.44,-1.160,3.490,-7.960
131359,209.00,13.69,-28.31,-0.870,3.490,-7.850
131373,208.94,14.00,-28.06,-0.800,3.400,-7.910
131385,208.75,14.63,-27.13,-0.620,3.260,-8.100
131398,208.69,14.94,-26.50,-0.840,3.150,-8.460
131410,208.75,15.19,-25.81,-1.100,3.050,-8.860
131423,208.75,15.50,-25.00,-1.600,2.690,-9.610
131436,208.81,16.12,-22.69,-2.190,1.740,-10.300
131448,208.75,16.44,-21.12,-2.000,0.270,-10.090
131460,208.56,16.81,-19.25,-2.030,-0.790,-9.990
131473,208.31,17.12,-17.00,-1.940,-1.790,-9.730
131486,207.69,17.81,-11.75,-1.500,-4.430,-8.960
131498,207.44,18.19,-8.81,-1.300,-5.510,-8.830
131510,207.12,18.62,-5.69,-1.040,-6.590,-8.760
131524,206.94,19.12,-2.31,-0.570,-7.950,-8.510
131560,205.25,20.81,14.69,5.900,-22.340,0.890
131574,204.31,20.31,20.44,7.480,-26.290,5.320
131586,202.56,16.44,33.50,8.910,-31.220,16.120
131598,202.25,13.50,40.31,7.800,-36.440,36.240
131610,202.50,10.75,46.63,5.210,-38.960,39.210
131624,203.06,8.50,51.00,-0.310,-39.140,39.180
131637,204.25,4.50,52.62,-4.900,-32.170,39.210
131649,203.31,4.25,52.38,1.170,-29.570,39.210
131661,201.69,4.44,52.19,8.180,-27.930,39.210
131675,199.75,4.94,52.31,19.280,-31.930,39.210
131688,196.44,7.56,52.56,21.650,-33.040,38.620
131700,196.81,7.81,50.56,12.380,-28.410,32.390
131712,198.13,7.94,47.50,8.220,-27.400,27.540
131725,199.87,7.81,43.69,-0.970,-24.420,20.040
131738,202.94,7.44,35.56,-4.260,-21.420,15.170
131750,203.81,7.37,31.56,-4.180,-19.890,12.730
131762,204.25,7.56,27.56,-3.090,-18.660,10.560
131775,204.50,7.94,23.62,-1.580,-17.590,8.630
131788,204.81,9.06,15.75,0.570,-14.230,3.530
131800,205.06,9.81,11.75,0.970,-12.630,1.360
131812,205.44,10.56,7.56,1.130,-9.700,-1.160
131825,205.87,11.31,3.25,1.240,-8.110,-2.560
131838,207.37,12.25,-4.94,-0.110,-4.890,-4.900
131850,208.25,12.37,-8.81,-1.440,-2.700,-6.190
131862,209.06,12.31,-12.31,-1.990,-2.170,-6.500
131875,209.81,12.19,-15.44,-2.230,-1.530,-6.660
131888,210.88,11.81,-20.81,-1.340,1.830,-7.330
131900,211.19,11.56,-22.75,-2.620,-0.360,-7.700
131912,211.50,11.38,-24.44,-2.220,1.560,-7.140
131925,211.94,11.38,-25.81,-1.610,0.890,-5.750
131938,212.63,11.38,-28.06,-1.670,-0.210,-5.140
131950,212.81,11.31,-29.06,-1.770,1.470,-5.450
131962,213.00,11.19,-29.94,-2.150,1.250,-5.780
131975,213.19,11.06,-30.75,-2.550,1.740,-5.830
131988,213.44,10.94,-32.44,-1.790,2.770,-7.280
132000,213.37,10.94,-33.13,-1.580,2.650,-8.030
132012,213.25,10.94,-33.69,-1.580,4.000,-8.550
132026,213.19,10.94,-33.94,-1.810,3.980,-9.230
132038,213.25,10.88,-33.75,-2.480,3.810,-9.190
132050,213.31,10.94,-33.31,-2.390,3.910,-9.050
132062,213.25,11.06,-32.69,-2.450,3.220,-9.040
132076,213.19,11.19,-31.81,-2.300,2.860,-8.940
132088,212.94,11.75,-29.50,-1.920,1.850,-8.770
132100,212.75,12.06,-28.06,-1.910,1.060,-9.090
132112,212.56,12.31,-26.50,-2.040,0.630,-9.380
132126,212.44,12.56,-24.81,-2.300,0.190,-9.500
132139,212.19,13.25,-20.69,-2.500,-2.210,-9.430
132151,212.00,13.75,-18.25,-2.090,-3.290,-9.280
132163,211.75,14.25,-15.50,-1.420,-4.330,-8.880
132176,211.44,14.81,-12.50,-0.940,-6.370,-8.120
132189,210.75,15.69,-5.44,-0.550,-9.660,-6.560
132201,210.44,16.06,-1.44,0.800,-14.320,-2.850
132213,210.00,16.31,3.06,1.810,-16.970,0.110
132226,209.44,16.37,8.00,3.140,-19.430,3.850
132239,208.13,15.38,18.75,5.470,-22.310,13.920
132251,207.37,14.19,24.00,5.070,-26.430,22.590
132263,206.81,12.69,29.06,5.260,-25.070,26.580
132276,206.50,11.31,34.00,5.590,-28.080,31.590
132289,206.25,9.44,41.13,4.250,-28.340,39.210
132301,206.00,9.00,43.38,4.540,-27.870,39.210
132313,205.37,8.88,44.88,8.150,-24.930,39.210
132327,204.44,8.88,45.88,11.120,-24.600,39.210
132339,201.94,8.81,47.06,16.680,-26.470,39.210
132351,201.12,8.50,47.00,16.040,-26.840,39.210
132363,201.00,8.13,46.13,13.470,-26.090,38.690
132377,201.37,7.69,44.31,10.330,-24.910,35.290
132390,202.94,7.06,38.94,2.190,-22.340,24.630
132402,203.81,6.81,35.88,0.230,-22.110,22.200
132414,204.56,6.62,32.69,-0.970,-21.730,20.060
132427,205.06,6.50,29.37,-1.380,-20.240,15.660
132440,205.44,6.37,21.94,-0.240,-18.110,10.780
132452,205.50,6.37,17.87,0.240,-15.540,6.310
132464,205.56,6.56,13.69,0.210,-13.970,4.920
132477,205.69,6.81,9.56,0.180,-11.850,1.540
132490,206.19,7.69,1.06,-0.090,-7.740,-2.380
132502,206.69,8.19,-3.06,-0.270,-6.450,-3.440
132514,207.25,8.56,-7.12,-0.520,-5.260,-4.360
132527,207.81,8.88,-11.06,-0.860,-4.070,-5.140
132565,209.75,8.94,-24.25,-2.140,1.460,-8.390
132578,210.13,8.88,-26.81,-1.810,2.560,-8.450
132591,210.69,8.88,-30.88,-2.080,3.170,-8.660
132603,211.00,8.88,-32.38,-1.990,2.990,-8.280
132615,211.25,8.88,-33.63,-1.820,3.660,-7.830
132628,211.44,8.88,-34.75,-1.920,3.800,-7.680
132641,211.50,8.94,-36.19,-2.000,3.450,-7.990
132653,211.50,8.94,-36.63,-1.960,3.230,-7.890
132665,211.50,9.06,-36.88,-1.650,3.170,-7.660
132678,211.50,9.25,-37.00,-1.340,2.710,-7.350
132691,211.19,9.56,-36.75,-1.340,3.130,-7.690
132703,211.00,9.69,-36.31,-1.870,2.250,-7.800
132715,210.88,9.81,-35.69,-2.350,2.380,-7.590
132728,210.81,10.06,-34.94,-2.170,1.960,-7.570
132741,210.50,10.75,-33.06,-1.620,1.240,-7.840
132753,210.31,11.12,-31.87,-1.600,1.020,-7.960
132765,210.13,11.50,-30.56,-1.620,0.730,-8.110
132778,209.94,11.94,-29.06,-1.600,0.290,-8.280
132791,209.50,12.81,-25.50,-1.530,-1.080,-8.570
132803,209.25,13.31,-23.44,-1.440,-1.850,-8.540
132815,209.00,13.81,-21.06,-1.020,-3.200,-8.170
132829,208.75,14.25,-18.56,-0.940,-3.960,-7.840
132841,208.06,15.13,-12.69,-0.770,-5.730,-7.350
132853,207.69,15.50,-9.44,-0.530,-7.740,-6.800
132865,207.31,15.81,-5.87,0.000,-9.340,-5.930
132879,206.87,16.19,-1.94,0.900,-11.180,-4.410
132891,205.81,16.44,7.19,3.620,-17.310,3.280
132903,205.00,16.06,12.37,4.580,-19.770,7.010
132915,204.19,15.19,17.87,5.530,-22.440,11.530
132929,203.50,13.69,23.62,5.870,-28.770,24.250
132942,202.69,9.63,35.06,3.440,-33.260,37.530
132954,202.69,7.69,40.25,1.260,-36.750,39.210
132966,202.81,6.19,43.94,-2.540,-36.180,39.210
132979,202.75,5.06,45.88,-3.070,-35.250,39.210
132992,201.19,4.00,47.13,5.000,-30.780,39.210
133004,200.00,4.06,47.25,8.600,-30.760,39.210
133016,198.62,4.69,46.63,10.950,-28.650,39.210
133029,197.37,5.81,44.63,8.940,-25.270,36.900
133042,196.25,6.94,37.00,9.510,-14.660,19.000
133054,195.87,7.37,32.81,10.200,-11.760,16.550
133066,195.94,7.56,29.37,6.730,-11.990,14.910
133080,196.50,7.56,26.75,4.780,-13.220,15.570
133092,198.81,7.37,22.44,0.880,-15.830,17.030
133104,199.81,6.94,19.75,-2.750,-15.910,13.500
133116,200.44,6.50,16.50,-2.750,-14.590,10.460
133130,200.75,6.31,12.69,-2.420,-13.240,8.200
133142,201.37,7.06,4.94,-1.060,-8.180,1.670
133154,201.75,7.87,1.00,-0.400,-6.120,0.800
133166,202.25,8.69,-2.69,-0.190,-5.400,0.120
133180,202.75,9.31,-6.06,-0.780,-3.980,-0.460
133193,203.81,10.00,-12.31,-1.520,-3.240,-0.910
133205,204.25,10.19,-15.13,-1.580,-2.860,-1.390
133217,204.56,10.44,-17.81,-1.240,-1.440,-2.500
133230,204.87,10.69,-20.44,-1.180,-0.850,-3.140
133243,205.25,10.94,-25.44,-1.430,1.460,-5.090
133255,205.44,11.00,-27.75,-1.150,3.570,-5.770
133267,205.56,10.88,-29.81,-2.430,2.060,-6.680
133280,205.69,10.81,-31.50,-2.380,3.660,-6.790
133293,206.31,11.00,-34.13,-1.700,3.720,-6.000
133305,206.50,11.25,-35.06,-1.570,2.530,-6.000
133317,206.50,11.44,-35.75,-1.070,3.240,-6.160
133331,206.44,11.75,-36.31,-0.670,2.680,-6.410
133343,206.31,12.25,-37.13,-0.680,2.640,-6.780
133355,206.25,12.44,-37.44,-0.740,3.660,-7.600
133367,206.19,12.63,-37.50,-1.020,3.020,-8.170
133381,206.06,12.75,-37.44,-1.560,3.880,-8.290
133393,206.06,13.31,-36.75,-1.060,3.400,-8.600
133405,206.00,13.56,-36.06,-1.010,3.130,-8.590
133417,206.00,13.94,-35.19,-0.820,2.560,-8.530
133431,205.94,14.25,-34.13,-0.670,1.980,-8.570
133444,205.81,14.94,-31.37,-0.860,1.240,-8.850
133456,205.69,15.25,-29.75,-1.100,0.850,-9.030
133468,205.62,15.50,-27.94,-1.320,-0.090,-9.370
133481,205.56,15.88,-25.94,-1.400,-0.710,-9.420
133494,205.50,16.56,-21.37,-1.230,-3.100,-9.420
133506,205.44,17.00,-18.75,-0.860,-4.160,-9.170
133518,205.37,17.44,-15.88,-0.440,-5.090,-9.050
133531,205.19,17.87,-12.69,-0.230,-6.190,-9.010
133568,204.50,18.75,2.69,0.690,-17.920,-2.730
133582,204.63,18.75,7.44,3.310,-25.800,6.600
133595,205.06,18.19,18.50,4.870,-30.610,12.720
133607,204.94,17.25,24.87,7.210,-34.080,25.910
133619,204.56,15.50,31.25,7.090,-35.190,32.180
133632,203.94,13.38,36.75,6.500,-35.040,39.170
133645,203.37,10.06,45.44,1.690,-34.930,39.210
133657,203.44,8.94,47.62,0.310,-35.340,39.210
133669,202.94,8.50,49.13,1.990,-33.840,39.210
133682,201.94,8.50,50.44,8.670,-35.410,39.210
133695,199.62,7.87,51.13,9.890,-29.820,38.460
133707,197.94,8.50,49.13,12.260,-25.720,35.040
133719,196.75,9.44,45.38,11.500,-14.810,19.340
133732,196.06,10.44,40.69,12.560,-13.190,14.110
133745,195.38,12.06,32.63,11.040,-10.690,12.310
133757,195.87,12.50,30.31,9.060,-12.830,13.970
133769,197.06,12.63,28.62,7.050,-14.190,15.680
133782,198.69,12.56,26.81,4.110,-15.730,16.430
133795,201.31,11.19,21.37,-1.790,-15.250,10.540
133807,202.00,10.31,17.62,-0.600,-13.180,7.390
133819,201.94,9.69,13.62,-1.960,-9.170,1.660
133832,202.13,9.69,9.69,-1.120,-8.230,0.250
133845,203.12,11.06,1.81,0.370,-5.180,-1.490
133857,203.88,11.75,-1.56,-0.080,-4.190,-1.700
133869,204.63,12.25,-4.75,-0.630,-4.060,-1.680
133883,205.37,12.50,-7.69,-1.050,-3.360,-1.770
133895,206.63,12.50,-13.00,-2.030,-1.880,-2.690
133907,207.12,12.44,-15.50,-1.750,-1.370,-3.190
133919,207.50,12.37,-17.87,-1.650,-0.800,-3.660
133933,207.75,12.25,-20.06,-1.830,0.260,-4.480
133945,207.94,11.88,-24.00,-1.730,0.860,-5.080
133957,207.94,11.69,-25.62,-1.680,0.930,-5.290
133969,208.00,11.56,-27.19,-1.490,3.200,-5.630
133983,208.00,11.44,-28.62,-2.050,2.430,-6.580
133996,207.87,11.06,-30.62,-3.020,2.770,-7.200
134008,208.00,11.06,-31.37,-2.390,3.130,-6.990
134020,208.13,11.19,-31.94,-2.250,3.190,-6.880
134033,208.19,11.44,-32.25,-2.140,2.970,-6.970
134046,208.00,11.94,-32.44,-1.480,3.200,-7.570
134058,207.87,12.25,-32.25,-1.480,3.440,-7.680
134070,207.75,12.50,-31.75,-1.500,3.250,-8.380
134083,207.56,12.81,-31.25,-1.710,3.400,-8.820
134096,207.19,13.25,-29.75,-2.040,3.110,-9.760
134108,207.00,13.44,-28.69,-2.810,2.620,-10.450
134120,206.81,13.62,-27.06,-3.080,2.020,-10.630
134134,206.69,13.88,-25.50,-3.120,1.300,-10.750
134146,206.19,14.63,-20.62,-3.270,-1.460,-10.500
134158,205.87,15.13,-17.75,-3.200,-2.400,-10.370
134170,205.44,15.63,-14.56,-2.860,-3.530,-10.260
134184,205.06,16.25,-11.06,-1.870,-6.300,-9.590
134196,204.19,17.31,-3.19,-1.260,-8.380,-9.210
134208,203.88,17.94,1.12,-0.990,-10.080,-9.050
134220,203.69,18.56,6.00,0.140,-17.450,-6.480
134234,203.56,19.25,11.50,1.440,-22.300,-3.110
134247,202.56,19.31,24.94,10.810,-38.640,17.100
134259,201.69,17.81,32.13,11.600,-38.870,25.560
134271,201.25,15.75,38.44,15.000,-38.510,34.940
134284,200.75,13.75,43.94,14.510,-39.140,39.210
134297,201.19,11.44,49.31,6.290,-37.900,39.210
134309,201.62,10.81,49.69,5.710,-35.200,39.210
134321,201.75,10.06,49.63,5.950,-30.620,39.210
134334,200.94,9.81,49.31,9.990,-29.100,39.210
134347,197.31,11.75,46.37,16.770,-25.660,37.920
134359,196.00,13.00,43.13,20.770,-18.820,27.660
134371,195.19,14.00,39.25,18.970,-16.650,22.650
134384,195.00,14.81,35.75,20.140,-15.680,19.420
134397,197.75,15.25,30.00,11.190,-17.350,17.080
134409,200.13,14.81,27.00,7.070,-19.080,16.970
134421,202.44,13.88,23.56,2.030,-20.060,15.930
134435,204.19,12.69,19.62,-3.760,-19.330,11.220
134447,205.31,10.75,11.44,-5.240,-15.460,4.110
134459,205.69,10.56,6.94,-3.970,-14.500,2.390
134471,206.06,10.88,2.56,-1.800,-10.180,-1.230
134485,206.56,11.38,-1.50,-1.160,-9.160,-2.540
134498,208.00,12.06,-9.00,-0.810,-5.790,-4.040
134510,208.75,12.00,-12.31,-1.200,-5.000,-4.280
134522,209.37,11.69,-15.25,-1.720,-4.480,-4.560
134535,209.87,11.38,-18.00,-2.110,-3.730,-4.800
134572,211.00,10.13,-27.37,-1.260,0.960,-6.790
134585,211.00,9.69,-28.94,-1.970,0.000,-7.150
134598,211.50,9.13,-31.50,-2.670,0.660,-6.590
134610,211.87,8.94,-32.56,-2.310,1.740,-5.700
134622,212.06,8.75,-33.56,-2.740,1.540,-5.750
134635,212.19,8.69,-34.50,-2.500,2.640,-5.970
134648,212.19,8.81,-36.06,-1.280,3.630,-7.190
134660,212.12,8.94,-36.69,-1.270,3.310,-7.680
134672,212.00,9.00,-37.06,-0.910,4.310,-7.940
134686,211.75,9.06,-37.25,-1.170,4.840,-8.740
134698,211.50,9.13,-36.81,-1.840,4.560,-9.150
134710,211.50,9.25,-36.31,-2.180,4.590,-9.070
134722,211.44,9.44,-35.50,-2.320,3.970,-9.020
134736,211.31,9.63,-34.56,-2.270,3.670,-8.980
134748,211.00,10.31,-32.00,-2.290,2.410,-9.050
134760,210.81,10.69,-30.37,-2.240,1.910,-9.120
134772,210.69,11.19,-28.62,-2.190,1.360,-9.210
134786,210.50,11.69,-26.62,-2.160,0.710,-9.330
134799,210.13,12.88,-21.94,-2.170,-1.670,-9.600
134811,209.87,13.50,-19.25,-2.060,-2.600,-9.660
134823,209.62,14.25,-16.31,-2.080,-3.690,-9.830
134836,209.25,15.00,-13.06,-1.460,-5.610,-10.200
134849,208.38,16.62,-5.62,-0.180,-8.310,-10.030
134861,207.87,17.31,-1.31,0.630,-12.520,-8.840
134873,207.50,17.94,3.44,1.160,-16.030,-6.900
134886,207.06,18.25,8.88,1.950,-20.170,-4.070
134899,205.81,17.19,21.87,7.570,-33.830,12.620
134911,205.19,15.56,28.62,8.260,-35.050,19.590
134923,204.75,13.81,34.63,6.490,-33.960,23.510
134937,204.63,12.50,39.88,9.340,-36.560,38.010
134950,204.94,11.06,47.69,7.840,-37.320,39.190
134962,205.06,11.00,49.75,6.190,-37.170,39.210
134974,204.69,11.06,51.19,9.500,-38.350,39.210
134987,204.25,11.00,52.19,11.900,-39.120,39.210
135000,202.69,10.38,50.69,14.610,-33.880,39.210
135012,201.62,10.63,47.38,16.020,-28.400,38.080
135024,200.94,11.00,42.62,13.770,-23.220,29.230
135037,200.50,11.31,37.63,12.630,-19.820,21.750
135050,200.87,11.63,29.69,9.220,-15.490,15.660
135062,201.81,11.56,26.81,7.640,-16.650,16.060
135074,203.12,11.25,24.00,6.200,-18.160,16.820
135087,204.31,10.63,20.81,1.800,-19.690,14.650
135100,205.94,9.00,13.19,-0.980,-17.040,7.830
135112,206.13,8.44,8.81,-1.800,-14.580,2.650
135124,206.25,8.25,4.25,-1.740,-12.040,0.240
135137,206.31,8.44,-0.13,-1.260,-10.520,-1.740
135150,206.94,9.25,-8.13,0.260,-7.440,-3.530
135162,207.44,9.44,-11.63,0.010,-6.850,-3.500
135174,207.87,9.38,-14.81,-0.410,-6.320,-3.430
135188,208.31,9.25,-17.81,-1.170,-4.980,-3.860
135200,208.81,8.94,-23.38,-1.140,-3.740,-4.800
135212,208.94,8.81,-26.06,-0.880,-3.960,-5.150
135224,209.06,8.63,-28.69,-0.290,1.520,-6.170
135238,209.06,8.31,-30.81,-2.100,-1.830,-7.320
135250,209.56,7.81,-34.50,-2.350,0.620,-6.750
135262,210.00,7.69,-36.13,-2.320,2.740,-6.450
135274,210.25,7.56,-37.50,-2.860,0.770,-6.880
135288,210.38,7.50,-38.88,-2.330,2.630,-6.850
135301,210.56,7.56,-41.13,-1.710,3.340,-7.780
135313,210.69,7.69,-42.25,-1.630,1.580,-8.210
135325,210.75,7.75,-43.25,-0.590,4.770,-8.540
135338,210.63,7.81,-44.06,-0.590,4.880,-10.520
135351,210.63,7.81,-44.94,-1.120,5.260,-11.780
135363,210.81,7.75,-44.94,-2.230,5.660,-12.180
135375,211.00,7.69,-44.69,-2.700,5.440,-12.120
135388,211.12,7.62,-44.25,-2.740,5.330,-12.060
135401,211.12,7.94,-42.38,-2.690,4.010,-11.870
135413,211.06,8.19,-40.94,-2.610,3.310,-11.820
135425,210.88,8.63,-39.19,-2.500,2.580,-11.650
135438,210.69,9.06,-37.25,-2.330,1.160,-11.430
135451,210.38,10.13,-32.75,-2.090,-0.470,-11.400
135463,210.25,10.75,-30.19,-2.290,-1.420,-11.290
135475,210.19,11.44,-27.37,-2.040,-3.420,-11.310
135489,210.06,12.25,-24.31,-1.720,-4.490,-11.380
135502,209.62,14.06,-17.31,-0.190,-8.560,-11.030
135514,209.31,15.06,-13.38,0.290,-10.300,-10.530
135526,209.00,16.06,-9.00,0.720,-12.970,-9.720
135539,208.69,17.06,-4.19,1.500,-15.800,-8.270
135576,206.56,18.00,21.00,8.800,-34.020,11.060
135589,206.00,16.37,27.87,8.770,-36.460,24.660
135602,205.81,12.56,39.19,7.010,-38.200,37.840
135614,206.31,11.38,43.50,2.610,-39.140,39.190
135626,207.00,10.56,46.44,-0.290,-38.540,39.210
135639,207.44,10.00,48.19,-1.990,-39.030,39.210
135652,206.13,9.19,50.56,7.500,-39.130,39.210
135664,204.75,8.63,50.63,11.950,-37.880,39.210
135676,202.87,8.88,48.94,13.970,-33.640,39.210
135690,200.75,10.69,45.63,16.530,-22.320,28.160
135702,199.31,12.81,35.88,13.350,-16.250,16.920
135714,199.00,13.44,31.94,14.420,-14.630,15.820
135726,199.38,13.69,29.25,11.950,-15.710,16.900
135740,200.38,13.56,27.19,9.610,-19.020,18.340
135752,203.37,12.31,21.81,1.190,-21.530,14.820
135764,204.56,11.12,18.00,-1.170,-20.340,11.200
135776,205.25,9.81,13.56,-1.510,-18.830,7.970
135790,205.19,8.88,9.06,-3.470,-15.680,3.210
135803,205.25,8.75,-0.50,-0.630,-9.880,-3.120
135815,205.50,9.25,-5.12,0.140,-8.660,-4.370
135827,205.94,9.81,-9.44,0.520,-7.930,-5.020
135840,206.56,10.06,-13.38,0.000,-5.560,-5.520
135853,207.94,9.75,-20.37,-1.430,-4.470,-5.740
135865,208.50,9.38,-23.44,-2.180,-2.820,-5.870
135877,208.87,9.00,-26.25,-2.440,-1.970,-6.150
135890,209.12,8.63,-28.87,-2.300,-1.180,-6.430
135903,209.19,8.19,-33.50,-1.260,0.470,-6.980
135915,209.19,8.00,-35.50,-1.440,0.810,-7.100
135927,209.12,7.75,-37.31,-1.240,0.600,-7.200
135940,209.12,7.44,-39.00,-1.430,2.080,-7.250
135953,209.12,6.87,-41.88,-2.040,2.500,-8.150
135965,209.12,6.62,-43.00,-2.560,3.210,-8.430
135977,209.19,6.44,-43.94,-2.450,4.000,-8.910
135991,209.25,6.44,-44.75,-2.340,4.220,-9.020
136003,209.06,6.56,-45.69,-1.710,4.780,-9.280
136015,208.87,6.75,-45.81,-1.380,4.820,-9.350
136027,208.63,7.00,-45.69,-0.940,4.700,-9.250
136041,208.38,7.31,-45.31,-0.620,4.640,-9.150
136054,208.00,7.87,-44.00,-0.400,4.300,-9.120
136066,207.87,8.19,-43.13,-0.520,4.100,-9.170
136078,207.75,8.44,-42.00,-0.640,3.760,-9.280
136091,207.69,8.69,-40.63,-1.190,2.870,-9.470
136104,207.56,9.38,-37.31,-1.480,1.470,-9.290
136116,207.44,9.75,-35.25,-1.540,-0.130,-8.860
136128,207.25,10.25,-32.94,-1.500,-0.920,-8.770
136141,207.00,10.75,-30.50,-1.330,-1.720,-8.700
136154,206.44,11.88,-24.87,-1.390,-3.890,-8.820
136166,206.19,12.50,-21.75,-1.240,-4.850,-8.930
136178,205.94,13.19,-18.44,-1.120,-5.500,-9.010
136191,205.62,14.00,-14.94,-0.400,-7.390,-8.860
136204,205.00,15.63,-7.06,0.950,-10.060,-7.840
136216,204.69,16.44,-2.50,0.920,-12.900,-6.550
136228,204.31,17.00,2.75,2.240,-20.270,-1.260
136242,203.75,17.31,8.94,4.120,-25.380,3.040
136254,201.88,15.69,23.50,10.180,-37.640,25.980
136266,201.06,13.75,30.44,10.720,-39.040,35.970
136278,200.62,11.88,36.69,10.600,-38.770,39.210
136292,200.69,10.44,41.37,8.740,-39.140,39.200
136305,201.75,9.13,45.44,-0.310,-33.170,39.210
136317,201.75,9.06,46.06,0.870,-32.110,39.210
136329,201.06,9.06,46.75,4.260,-31.730,39.210
136342,200.13,9.06,47.25,11.130,-33.590,39.210
136355,197.94,9.31,45.44,12.700,-28.590,39.130
136367,197.25,9.56,42.25,12.110,-20.430,26.610
136379,196.87,9.88,38.19,10.850,-18.170,22.270
136392,196.69,9.94,34.19,9.410,-17.480,19.960
136405,197.56,9.88,28.19,4.750,-19.780,18.920
136417,198.50,9.75,25.62,3.080,-21.770,19.090
136429,199.38,9.38,22.75,1.840,-22.980,18.150
136442,199.94,8.75,19.25,0.620,-21.410,12.520
136455,200.31,7.50,10.63,0.430,-18.270,6.030
136467,200.50,7.12,5.94,0.010,-17.080,4.220
136479,200.87,7.06,1.31,-0.180,-13.810,-0.860
136493,201.37,7.19,-3.56,-0.660,-11.790,-2.460
136505,202.81,7.37,-13.38,-1.730,-7.370,-6.080
136517,203.69,7.37,-18.19,-2.750,-5.920,-7.060
136529,204.56,7.19,-22.81,-3.040,-4.380,-8.000
136543,205.37,7.00,-27.25,-3.680,-3.220,-8.910
136580,208.25,6.56,-41.50,-3.020,3.130,-13.500
136593,208.69,6.56,-44.00,-2.730,3.790,-14.220
136606,209.25,6.50,-47.69,-1.710,5.000,-14.190
136618,209.31,6.44,-48.75,-2.520,3.930,-13.770
136630,209.31,6.31,-49.38,-2.690,3.950,-13.360
136643,209.31,6.25,-49.69,-2.550,3.340,-12.900
136656,209.06,6.31,-49.56,-2.040,3.040,-12.290
136668,208.81,6.44,-49.25,-1.840,3.050,-12.330
136680,208.56,6.56,-48.69,-1.780,2.870,-12.360
136694,208.38,6.81,-47.88,-1.840,2.460,-11.930
136706,208.25,7.25,-45.75,-1.720,1.780,-11.300
136718,208.25,7.56,-44.38,-1.660,1.370,-10.960
136730,208.19,7.87,-42.81,-1.790,0.780,-10.780
136744,208.13,8.31,-41.13,-1.840,0.300,-10.820
136756,208.06,9.38,-37.13,-1.480,-1.360,-10.730
136768,208.00,10.00,-34.88,-1.480,-2.050,-10.750
136780,207.87,10.69,-32.44,-1.240,-2.670,-10.840
136794,207.69,11.44,-29.75,-0.970,-3.460,-10.890
136807,207.19,13.06,-23.62,-0.150,-6.550,-11.000
136819,206.87,13.94,-20.12,0.280,-7.810,-10.780
136831,206.56,14.81,-16.25,0.670,-9.070,-10.580
136844,206.25,15.63,-12.06,1.060,-12.770,-9.600
136857,205.69,17.00,-2.50,1.300,-18.200,-6.890
136869,205.37,17.44,2.87,2.450,-23.990,-2.040
136881,204.94,17.56,8.88,3.060,-28.750,1.540
136894,204.38,17.25,15.50,4.940,-31.120,6.260
136907,203.06,15.25,29.37,7.400,-35.640,22.910
136919,202.56,13.88,35.50,7.900,-38.410,30.480
136931,202.56,12.81,41.19,6.290,-38.760,35.750
136944,203.00,12.13,46.00,1.340,-39.140,39.210
136957,203.75,11.50,52.00,1.890,-39.140,39.210
136969,202.87,11.31,54.38,6.900,-39.140,39.210
136981,201.62,10.88,56.19,13.200,-39.140,39.210
136995,200.19,9.63,56.56,15.050,-39.140,39.210
137007,196.56,10.31,50.44,14.360,-23.480,23.570
137019,196.06,11.50,44.38,11.200,-19.310,15.990
137031,195.94,12.69,38.19,12.470,-17.180,12.990
137045,195.81,13.75,33.00,11.270,-15.620,12.730
137058,196.94,15.56,26.50,10.090,-17.090,13.930
137070,198.25,15.81,23.81,7.630,-18.630,14.210
137082,199.81,15.44,20.62,4.320,-19.400,13.340
137095,201.25,14.50,16.62,-1.100,-17.580,7.650
137108,202.87,12.25,6.81,-3.750,-12.690,-0.840
137120,203.19,11.63,1.56,-2.460,-9.490,-4.560
137132,203.50,11.63,-3.75,-0.860,-7.110,-6.000
137145,203.94,12.06,-8.75,-0.040,-5.610,-6.800
137158,205.44,12.63,-17.12,-0.400,-3.670,-5.770
137170,206.31,12.37,-20.50,-0.800,-3.650,-5.200
137182,207.06,11.94,-23.31,-1.390,-3.550,-4.660
137195,207.56,11.31,-25.88,-1.710,-3.370,-4.120
137208,208.19,10.25,-30.31,-1.200,-2.670,-4.160
137220,208.31,9.75,-32.38,-1.060,-2.100,-4.520
137232,208.38,9.25,-34.44,-1.250,-1.540,-5.160
137246,208.44,8.75,-36.38,-1.540,-1.470,-5.410
137258,208.50,7.75,-40.06,-1.890,0.310,-5.870
137270,208.44,7.31,-41.69,-2.320,0.970,-6.910
137282,208.44,7.00,-43.13,-2.500,1.330,-7.300
137296,208.50,6.81,-44.50,-2.340,1.990,-7.460
137308,208.63,6.62,-46.75,-1.810,2.830,-7.870
137320,208.56,6.62,-47.75,-1.640,3.320,-8.290
137332,208.44,6.62,-48.56,-1.580,3.920,-8.860
137346,208.31,6.69,-49.25,-1.770,4.960,-10.190
137359,208.19,6.87,-50.06,-2.060,6.010,-11.250
137371,208.19,7.00,-50.06,-2.150,6.090,-11.480
137383,208.13,7.12,-49.81,-2.180,5.980,-11.490
137396,208.00,7.31,-49.25,-2.120,5.820,-11.510
137409,207.56,7.94,-47.06,-1.500,4.410,-11.360
137421,207.31,8.38,-45.56,-1.160,3.880,-11.200
137433,207.06,8.88,-43.81,-0.900,3.180,-11.070
137447,206.75,9.44,-41.75,-0.420,1.370,-10.640
137459,206.25,10.50,-36.94,-0.260,-0.730,-10.120
137471,205.94,11.06,-34.06,-0.120,-1.710,-9.800
137483,205.62,11.63,-31.00,-0.100,-2.920,-9.650
137497,205.37,12.19,-27.69,0.060,-4.090,-9.510
137509,204.94,13.44,-20.50,1.530,-7.860,-8.060
137521,204.75,14.06,-16.50,1.470,-10.210,-6.740
137533,204.63,14.63,-12.13,2.440,-12.180,-4.870
137547,204.50,15.06,-7.25,2.140,-14.590,-2.730
137584,202.56,14.50,17.00,5.910,-30.390,16.260
137597,201.94,13.44,23.25,5.780,-34.830,25.670
137610,200.87,10.94,33.81,3.670,-34.670,32.370
137622,200.50,9.94,37.56,-1.760,-28.910,37.360
137634,200.50,9.94,39.13,-3.640,-26.470,39.080
137647,200.44,9.94,40.75,-7.160,-24.770,39.210
137660,199.44,8.13,45.06,-3.400,-39.140,39.210
137672,197.50,6.75,45.12,-4.620,-35.290,39.210
137684,196.19,7.37,42.06,-5.770,-23.660,34.910
137697,194.94,8.00,39.00,-3.000,-9.020,13.670
137710,192.94,14.13,29.19,-5.190,-1.420,0.680
137722,191.19,17.50,24.94,-2.440,1.910,-3.570
137734,188.94,20.69,22.06,4.220,8.020,-9.340
137748,186.56,23.75,20.50,9.150,9.200,-12.530
137760,182.62,27.25,20.62,13.670,8.840,-11.080
137772,181.63,27.25,21.69,11.560,4.300,-6.450
137784,180.94,26.37,23.12,10.380,2.030,-4.070
137798,180.50,25.00,24.56,8.710,0.320,-2.020
137810,180.06,22.06,27.25,4.990,-3.870,2.680
137822,179.94,20.94,28.56,5.300,-5.440,4.450
137834,179.94,19.87,29.75,5.640,-6.430,6.130
137848,180.06,18.87,30.75,3.450,-7.300,7.340
137861,180.69,17.56,32.00,1.270,-7.350,7.820
137873,181.06,17.19,32.56,0.040,-8.300,8.680
137885,181.37,16.75,33.00,-0.970,-8.500,9.110
137898,181.63,16.37,33.38,-1.990,-8.810,9.430
137911,180.87,15.50,33.81,-3.650,-8.490,9.380
137923,179.81,15.19,33.94,-2.820,-8.220,8.920
137935,178.38,15.00,34.13,-1.300,-7.910,8.210
137948,176.63,14.81,34.25,0.560,-6.810,6.330
137961,172.94,14.19,34.63,1.690,-6.420,4.900
137973,171.06,13.75,34.81,1.920,-5.930,4.210
137985,169.25,13.25,35.19,1.780,-5.610,3.400
137999,167.75,12.25,35.75,1.660,-5.640,3.220
138011,165.50,9.19,37.69,0.660,-7.760,5.450
138023,164.31,7.94,38.81,1.590,-7.850,6.780
138035,163.31,6.44,39.88,1.340,-8.970,8.230
138049,162.06,5.69,41.19,2.650,-10.480,10.130
138061,161.56,7.00,40.81,2.710,-12.560,10.730
138073,161.75,7.06,39.75,-1.560,-6.370,7.680
138085,161.44,6.94,39.38,-0.460,-6.190,7.150
138099,161.25,6.06,39.06,3.570,-8.890,9.990
138112,160.63,4.50,38.81,-2.410,-7.130,9.430
138124,159.87,3.75,38.56,-3.660,-7.870,9.380
138136,158.75,3.12,38.19,-2.090,-7.370,8.760
138149,157.44,2.56,37.81,-0.690,-6.640,7.990
138162,155.19,1.37,37.25,1.490,-4.990,7.010
138174,154.94,1.50,37.06,12.970,-5.020,4.850
138186,155.50,1.37,37.13,0.030,-5.610,6.780
138199,155.87,1.25,37.19,-0.360,-6.320,5.800
138212,156.06,1.69,37.31,-0.240,-5.160,4.960
138224,156.00,1.94,37.44,-1.230,-5.750,5.900
138236,155.81,2.37,37.50,2.200,-5.690,6.320
138250,155.56,2.81,37.63,1.900,-6.020,6.550
138262,155.25,3.06,37.88,1.320,-5.200,5.960
138274,155.06,3.00,38.13,2.270,-6.980,7.810
138286,154.94,2.81,38.38,1.080,-6.540,7.710
138300,154.81,2.62,38.63,0.860,-5.920,7.420
138312,154.38,2.00,39.38,0.720,-6.570,8.390
138324,154.12,1.62,39.69,0.250,-6.390,7.690
138336,153.94,1.31,39.88,-0.190,-5.100,6.820
138350,153.81,1.06,39.94,0.080,-5.330,6.400
138363,153.44,0.56,40.00,0.510,-6.760,7.990
138375,153.31,0.31,40.00,-0.460,-7.590,8.180
138387,153.06,0.06,40.00,-0.570,-7.380,7.260
138400,152.81,-0.06,40.00,-0.130,-7.100,6.610
138413,152.19,-0.56,39.94,1.200,-7.150,6.550
138425,151.94,-0.88,39.88,1.100,-6.740,6.410
138437,151.69,-1.25,39.75,0.330,-6.140,6.550
138450,151.56,-1.69,39.69,-0.670,-6.050,6.650
138463,151.31,-2.62,39.75,-1.210,-6.520,6.330
138475,151.12,-2.94,39.88,-0.490,-6.470,6.120
138487,150.87,-3.25,40.06,0.310,-6.370,5.990
138501,150.56,-3.62,40.31,-0.560,-6.260,6.570
138513,150.19,-4.31,40.81,-0.270,-6.060,7.170
138525,150.06,-4.44,41.06,-2.420,-6.780,7.450
138537,149.87,-4.62,41.25,-1.620,-5.880,7.470
138551,149.62,-4.81,41.44,-0.370,-6.740,6.780
138588,150.12,-5.62,41.75,-1.060,-6.500,7.260
138601,150.12,-5.81,41.81,-1.940,-6.410,7.310
138614,150.38,-6.12,42.06,-2.080,-6.900,7.350
138626,150.44,-6.25,42.19,-1.620,-7.530,7.070
138638,151.56,-6.31,42.25,-1.850,-7.270,6.990
138651,151.75,-6.31,42.31,-1.560,-6.950,7.080
138664,152.31,-6.25,42.25,-1.700,-5.900,6.980
138676,152.62,-6.19,42.31,-1.320,-6.000,7.040
138688,153.87,-6.12,42.38,-1.460,-6.290,7.130
138701,154.19,-6.00,42.50,-0.890,-7.430,7.060
138714,154.81,-5.81,42.75,-0.650,-7.810,7.260
138726,155.06,-5.75,42.75,0.550,-7.460,6.890
138738,156.19,-5.75,42.69,0.350,-6.400,6.710
138751,156.31,-5.81,42.56,1.040,-6.080,6.830
138764,156.50,-6.31,42.50,-1.270,-5.710,6.770
138776,156.56,-6.50,42.56,-1.950,-6.030,7.020
138788,157.44,-6.56,42.75,-1.740,-6.430,6.950
138802,157.56,-6.50,42.88,-0.770,-6.600,6.730
138814,157.94,-6.44,43.06,0.080,-6.240,6.680
138826,158.19,-6.62,43.06,-0.590,-5.970,6.700
138838,159.00,-6.87,43.06,-2.170,-5.840,6.600
138852,159.12,-7.06,43.13,-1.920,-5.930,6.750
138865,159.37,-7.12,43.44,-2.110,-6.860,6.900
138877,159.44,-7.00,43.56,-0.310,-7.130,6.750
138889,160.25,-6.94,43.69,-0.240,-7.140,6.670
138902,160.19,-7.00,43.75,-0.690,-7.160,6.780
