114989,225.50,32.06,21.12,5.170,-2.920,7.760
115001,225.50,32.06,21.12,5.160,-2.900,7.730
115013,225.50,32.06,21.12,5.180,-2.900,7.770
115025,225.50,32.06,21.12,5.180,-2.920,7.750
115039,225.50,32.06,21.12,5.170,-2.900,7.750
115051,225.50,32.06,21.12,5.160,-2.890,7.730
115064,225.50,32.06,21.12,5.160,-2.900,7.750
115077,225.50,32.06,21.12,5.190,-2.900,7.760
115091,225.50,32.06,21.12,5.180,-2.900,7.750
115103,225.50,32.06,21.12,5.190,-2.940,7.730
115116,225.50,32.06,21.12,5.170,-2.920,7.780
115129,225.50,32.06,21.12,5.170,-2.910,7.750
115142,225.50,32.06,21.12,5.180,-2.910,7.760
115154,225.50,32.06,21.12,5.160,-2.910,7.740
115168,225.50,32.06,21.12,5.170,-2.940,7.720
115181,225.50,32.06,21.12,5.170,-2.920,7.770
115193,225.50,32.06,21.12,5.160,-2.900,7.750
115206,225.50,32.06,21.12,5.160,-2.900,7.730
115220,225.50,32.06,21.12,5.160,-2.890,7.760
115232,225.50,32.06,21.12,5.170,-2.910,7.760
115246,225.50,32.06,21.12,5.170,-2.920,7.750
115260,225.50,32.06,21.12,5.180,-2.900,7.740
115273,225.50,32.06,21.12,5.190,-2.910,7.760
115285,225.50,32.06,21.12,5.180,-2.920,7.750
115300,225.50,32.06,21.12,5.160,-2.910,7.750
115313,225.50,32.06,21.12,5.170,-2.900,7.750
115325,225.50,32.06,21.12,5.190,-2.890,7.760
115339,225.50,32.06,21.12,5.160,-2.910,7.770
115352,225.50,32.06,21.12,5.180,-2.920,7.740
115364,225.50,32.06,21.12,5.190,-2.900,7.760
115376,225.50,32.06,21.12,5.180,-2.930,7.750
115390,225.50,32.06,21.12,5.170,-2.930,7.760
115403,225.50,32.06,21.12,5.180,-2.900,7.740
115415,225.50,32.06,21.12,5.170,-2.910,7.740
115427,225.50,32.06,21.12,5.170,-2.930,7.750
115441,225.50,32.06,21.12,5.170,-2.920,7.750
115453,225.50,32.06,21.12,5.200,-2.910,7.740
115466,225.50,32.06,21.12,5.170,-2.910,7.720
115479,225.50,32.06,21.12,5.170,-2.900,7.760
115493,225.50,32.06,21.12,5.180,-2.910,7.770
115529,225.50,32.06,21.12,5.180,-2.920,7.750
115543,225.50,32.06,21.12,5.180,-2.900,7.730
115555,225.50,32.06,21.12,5.190,-2.930,7.730
115568,225.50,32.06,21.12,5.170,-2.920,7.750
115580,225.50,32.06,21.12,5.180,-2.920,7.780
115594,225.50,32.06,21.12,5.170,-2.920,7.750
115606,225.50,32.06,21.12,5.180,-2.910,7.780
115620,225.50,32.06,21.12,5.170,-2.920,7.750
115633,225.50,32.06,21.12,5.170,-2.920,7.750
115646,225.50,32.06,21.12,5.170,-2.920,7.780
115659,225.50,32.06,21.12,5.180,-2.900,7.740
115674,225.50,32.06,21.12,5.180,-2.900,7.750
115686,225.50,32.06,21.12,5.170,-2.930,7.770
115699,225.50,32.06,21.12,5.180,-2.930,7.760
115713,225.50,32.06,21.12,5.170,-2.910,7.730
115725,225.50,32.06,21.12,5.160,-2.890,7.730
115737,225.50,32.06,21.12,5.170,-2.920,7.760
115751,225.50,32.06,21.12,5.160,-2.910,7.780
115764,225.50,32.06,21.12,5.180,-2.910,7.760
115776,225.50,32.06,21.12,5.180,-2.930,7.740
115789,225.50,32.06,21.12,5.170,-2.910,7.740
115803,225.50,32.06,21.12,5.180,-2.910,7.760
115815,225.50,32.06,21.12,5.160,-2.920,7.720
115828,225.50,32.06,21.12,5.180,-2.920,7.770
115842,225.50,32.06,21.12,5.180,-2.900,7.760
115855,225.50,32.06,21.12,5.190,-2.920,7.750
115867,225.50,32.06,21.12,5.180,-2.920,7.740
115879,225.50,32.06,21.12,5.170,-2.900,7.750
115893,225.50,32.06,21.12,5.190,-2.910,7.730
115906,225.50,32.06,21.12,5.170,-2.910,7.740
115918,225.50,32.06,21.12,5.190,-2.920,7.760
115930,225.50,32.06,21.12,5.170,-2.920,7.750
115944,225.50,32.06,21.12,5.170,-2.920,7.740
115956,225.50,32.06,21.12,5.160,-2.900,7.720
115968,225.50,32.06,21.12,5.180,-2.930,7.740
115980,225.50,32.06,21.12,5.190,-2.910,7.770
115994,225.50,32.06,21.12,5.170,-2.900,7.760
116006,225.50,32.06,21.12,5.200,-2.910,7.720
116019,225.50,32.06,21.12,5.190,-2.920,7.770
116031,225.50,32.06,21.12,5.180,-2.910,7.750
116045,225.50,32.06,21.12,5.180,-2.900,7.770
116057,225.50,32.06,21.12,5.190,-2.930,7.750
116069,225.50,32.06,21.12,5.200,-2.930,7.740
116081,225.50,32.06,21.12,5.180,-2.900,7.750
116095,225.50,32.06,21.12,5.170,-2.910,7.750
116107,225.50,32.06,21.12,5.170,-2.920,7.740
116119,225.50,32.06,21.12,5.190,-2.900,7.740
116131,225.50,32.06,21.12,5.170,-2.910,7.730
116145,225.50,32.06,21.12,5.180,-2.930,7.760
116157,225.50,32.06,21.12,5.190,-2.910,7.700
116169,225.50,32.06,21.12,5.190,-2.930,7.740
116181,225.50,32.06,21.12,5.170,-2.930,7.780
116195,225.50,32.06,21.12,5.200,-2.890,7.780
116207,225.50,32.06,21.12,5.180,-2.900,7.720
116220,225.50,32.06,21.12,5.170,-2.920,7.730
116232,225.50,32.06,21.12,5.160,-2.900,7.740
116246,225.50,32.06,21.12,5.180,-2.910,7.760
116258,225.50,32.06,21.12,5.170,-2.920,7.750
116270,225.50,32.06,21.12,5.170,-2.920,7.720
116282,225.50,32.06,21.12,5.180,-2.930,7.760
116296,225.50,32.06,21.12,5.170,-2.920,7.760
116308,225.50,32.06,21.12,5.170,-2.930,7.720
116320,225.50,32.06,21.12,5.170,-2.900,7.740
116332,225.50,32.06,21.12,5.180,-2.900,7.750
116346,225.50,32.06,21.12,5.190,-2.920,7.750
116358,225.50,32.06,21.12,5.160,-2.920,7.750
116370,225.50,32.06,21.12,5.170,-2.930,7.740
116382,225.50,32.06,21.12,5.170,-2.940,7.750
116396,225.50,32.06,21.12,5.190,-2.910,7.750
116408,225.50,32.06,21.12,5.180,-2.910,7.720
116421,225.50,32.06,21.12,5.180,-2.910,7.730
116433,225.50,32.06,21.12,5.190,-2.910,7.750
116447,225.50,32.06,21.12,5.190,-2.930,7.740
116459,225.50,32.06,21.12,5.180,-2.900,7.740
116471,225.50,32.06,21.12,5.160,-2.910,7.750
116483,225.50,32.06,21.12,5.180,-2.910,7.760
116497,225.50,32.06,21.12,5.160,-2.900,7.760
116533,225.50,32.06,21.12,5.200,-2.920,7.740
116547,225.50,32.06,21.12,5.180,-2.910,7.750
116559,225.50,32.06,21.12,5.160,-2.900,7.720
116571,225.50,32.06,21.12,5.170,-2.930,7.740
116583,225.50,32.06,21.12,5.190,-2.930,7.760
116597,225.50,32.06,21.12,5.160,-2.920,7.740
116609,225.50,32.06,21.12,5.190,-2.930,7.710
116622,225.50,32.06,21.12,5.170,-2.910,7.740
116635,225.50,32.06,21.12,5.190,-2.900,7.750
116649,225.50,32.06,21.12,5.160,-2.920,7.770
116661,225.50,32.06,21.12,5.180,-2.930,7.720
116674,225.50,32.06,21.12,5.180,-2.920,7.730
116689,225.50,32.06,21.06,5.170,-2.920,7.740
116701,225.50,32.00,21.06,5.170,-2.930,7.750
116714,225.50,32.00,21.06,5.190,-2.920,7.760
116728,225.56,32.00,21.06,5.170,-2.900,7.750
116741,225.56,32.00,21.06,5.170,-2.930,7.790
116754,225.56,32.00,21.06,5.180,-2.890,7.750
116768,225.56,32.00,21.06,5.170,-2.920,7.760
116780,225.56,32.00,21.00,5.180,-2.910,7.760
116793,225.56,32.00,21.00,5.170,-2.920,7.740
116808,225.62,31.94,21.00,5.160,-2.900,7.760
116820,225.62,31.94,21.00,5.180,-2.910,7.770
116833,225.62,31.94,21.00,5.170,-2.890,7.760
116847,225.62,31.94,21.00,5.160,-2.910,7.770
116860,225.62,31.94,21.00,5.160,-2.920,7.740
116872,225.62,31.94,21.00,5.160,-2.910,7.760
116884,225.62,31.94,21.00,5.160,-2.910,7.750
116898,225.62,31.94,21.00,5.170,-2.910,7.760
116911,225.62,31.94,21.00,5.160,-2.910,7.750
116923,225.62,31.94,21.00,5.160,-2.920,7.750
116935,225.62,31.94,21.00,5.150,-2.890,7.760
116949,225.62,31.94,21.00,5.170,-2.920,7.770
116961,225.62,31.94,21.00,5.170,-2.910,7.750
116974,225.62,31.94,21.00,5.160,-2.890,7.780
116987,225.69,31.94,21.00,5.150,-2.900,7.770
117001,225.69,31.87,20.94,5.160,-2.880,7.760
117013,225.69,31.87,20.94,5.160,-2.900,7.750
117027,225.69,31.87,20.94,5.170,-2.890,7.780
117040,225.69,31.87,20.94,5.170,-2.900,7.780
117053,225.69,31.87,20.94,5.160,-2.900,7.770
117066,225.69,31.87,20.94,5.140,-2.890,7.730
117081,225.69,31.87,20.94,5.160,-2.900,7.760
117093,225.69,31.81,20.94,5.170,-2.880,7.780
117106,225.69,31.81,20.94,5.160,-2.900,7.780
117120,225.69,31.81,20.94,5.160,-2.890,7.780
117132,225.69,31.81,20.94,5.140,-2.880,7.790
117145,225.69,31.81,20.94,5.160,-2.910,7.770
117159,225.69,31.81,20.94,5.150,-2.880,7.770
117172,225.69,31.81,20.94,5.140,-2.900,7.760
117184,225.75,31.81,20.94,5.150,-2.900,7.780
117198,225.75,31.87,20.94,5.160,-2.900,7.770
117211,225.75,31.81,20.94,5.160,-2.870,7.770
117224,225.75,31.81,20.94,5.120,-2.910,7.780
117236,225.75,31.81,20.94,5.140,-2.900,7.770
117250,225.75,31.81,20.88,5.140,-2.880,7.790
117263,225.75,31.81,20.88,5.160,-2.890,7.770
117275,225.75,31.81,20.88,5.150,-2.880,7.770
117287,225.75,31.81,20.88,5.140,-2.890,7.780
117301,225.75,31.81,20.88,5.140,-2.900,7.790
117313,225.75,31.81,20.88,5.140,-2.870,7.770
117325,225.75,31.81,20.88,5.160,-2.900,7.780
117337,225.75,31.81,20.88,5.130,-2.890,7.800
117351,225.75,31.81,20.88,5.150,-2.900,7.800
117363,225.75,31.81,20.88,5.150,-2.900,7.790
117375,225.75,31.81,20.88,5.160,-2.900,7.800
117387,225.75,31.81,20.88,5.140,-2.870,7.750
117401,225.75,31.81,20.88,5.150,-2.880,7.810
117413,225.75,31.81,20.88,5.140,-2.890,7.780
117426,225.75,31.75,20.88,5.120,-2.890,7.770
117438,225.81,31.75,20.88,5.160,-2.890,7.780
117450,225.81,31.75,20.88,5.130,-2.900,7.770
117463,225.87,31.75,20.81,5.160,-2.880,7.770
117475,225.94,31.75,20.75,5.130,-2.880,7.800
117487,226.00,31.75,20.75,5.190,-2.870,7.790
117499,226.00,31.69,20.69,5.190,-2.860,7.760
117535,226.19,31.62,20.62,5.180,-2.830,7.790
117547,226.25,31.62,20.56,5.180,-2.810,7.810
117561,226.19,31.62,20.56,5.080,-2.850,7.830
117574,226.25,31.56,20.56,5.100,-2.850,7.850
117586,226.25,31.56,20.50,5.180,-2.840,7.790
117598,226.25,31.56,20.56,5.120,-2.860,7.830
117612,226.25,31.62,20.56,5.060,-2.870,7.800
117624,226.25,31.62,20.50,5.080,-2.870,7.790
117637,226.31,31.62,20.31,5.260,-2.780,7.800
117649,226.37,31.62,20.25,5.160,-2.760,7.820
117663,226.37,31.62,20.12,5.150,-2.800,7.820
117675,226.50,31.56,20.00,5.060,-2.780,7.880
117687,226.56,31.56,19.87,5.120,-2.740,7.930
117699,226.56,31.50,19.87,5.090,-2.760,7.880
117713,226.62,31.50,19.81,5.170,-2.730,7.830
117725,226.69,31.37,19.75,5.100,-2.750,7.780
117737,226.75,31.31,19.62,5.120,-2.710,7.820
117749,226.88,31.25,19.50,5.030,-2.760,7.860
117763,227.00,31.12,19.37,5.090,-2.690,7.880
117775,227.19,30.75,19.12,5.020,-2.660,8.000
117788,227.25,30.56,19.12,4.960,-2.660,8.070
117800,227.19,30.44,19.12,5.030,-2.650,7.980
117814,227.13,30.31,19.19,4.870,-2.760,7.980
117826,227.06,30.25,19.25,5.000,-2.680,7.970
117838,227.13,30.19,19.19,5.010,-2.680,7.990
117850,227.13,30.19,19.19,4.920,-2.700,7.980
117864,227.13,30.19,19.19,4.920,-2.720,8.000
117876,227.06,30.19,19.19,4.900,-2.760,7.940
117888,227.06,30.19,19.25,4.860,-2.770,8.020
117900,227.06,30.19,19.25,4.890,-2.730,7.990
117914,227.06,30.12,19.19,4.940,-2.720,7.990
117926,227.06,30.12,19.25,4.910,-2.730,7.990
117938,227.06,30.12,19.25,4.920,-2.740,7.960
117950,227.06,30.12,19.19,4.910,-2.700,8.000
117964,227.06,30.12,19.19,4.930,-2.720,8.000
117976,227.06,30.06,19.19,4.870,-2.710,7.990
117989,227.06,30.06,19.19,4.870,-2.720,8.000
118003,227.06,30.06,19.19,4.940,-2.690,7.980
118016,227.06,30.06,19.12,4.850,-2.720,7.980
118028,227.06,30.06,19.06,4.920,-2.710,8.000
118040,227.13,30.06,19.06,4.900,-2.710,8.020
118052,227.13,30.00,19.06,4.910,-2.670,8.000
118066,227.13,30.00,19.00,4.880,-2.690,7.990
118078,227.13,30.00,19.00,4.930,-2.680,8.030
118090,227.13,29.94,18.94,4.860,-2.690,8.030
118102,227.13,29.94,18.94,4.860,-2.700,8.040
118116,227.13,29.94,18.94,4.870,-2.690,8.020
118128,227.13,29.87,18.94,4.850,-2.670,8.030
118140,227.13,29.87,18.94,4.900,-2.690,8.060
118152,227.19,29.81,18.94,4.720,-2.750,8.000
118166,227.31,29.75,18.81,5.050,-2.570,8.220
118178,227.38,29.19,19.12,5.540,-2.380,8.050
118190,226.94,28.69,19.50,4.120,-3.070,8.090
118202,226.88,28.12,19.81,4.190,-3.050,8.110
118216,226.88,27.69,19.94,4.480,-2.950,8.150
118228,226.81,27.13,20.06,4.180,-3.060,8.220
118240,226.75,27.00,20.06,4.240,-3.010,8.230
118252,226.94,26.94,20.06,4.430,-2.930,8.300
118266,226.94,26.94,20.06,4.490,-2.930,8.130
118278,226.81,27.19,19.94,4.150,-3.040,8.130
118290,227.00,27.44,19.75,4.740,-2.760,8.140
118302,227.19,27.62,19.56,4.700,-2.760,8.170
118316,227.19,27.69,19.44,4.570,-2.820,8.240
118328,227.25,27.81,19.25,4.670,-2.710,8.260
118340,227.31,27.81,19.25,4.770,-2.690,8.230
118352,227.31,27.87,19.31,4.680,-2.750,8.180
118365,227.19,27.81,19.37,4.510,-2.830,8.160
118378,227.06,27.87,19.44,4.580,-2.840,8.120
118390,227.13,27.87,19.44,4.580,-2.810,8.170
118402,227.25,27.87,19.37,4.680,-2.770,8.200
118415,227.25,27.81,19.44,4.680,-2.750,8.190
118428,227.19,27.75,19.50,4.480,-2.880,8.150
118440,227.13,27.56,19.62,4.530,-2.850,8.160
118452,227.19,27.44,19.62,4.540,-2.860,8.240
118464,227.13,27.37,19.69,4.460,-2.900,8.220
118478,227.06,27.31,19.75,4.470,-2.910,8.160
118490,227.06,27.44,19.75,4.560,-2.880,8.170
118502,227.13,27.44,19.75,4.580,-2.840,8.190
118539,227.13,27.31,19.75,4.610,-2.800,8.240
118551,227.38,27.06,19.75,4.490,-2.870,8.220
118563,227.38,26.87,19.81,4.480,-2.118602,227.13,26.62,20.19,4.470,-2.890,8.340
118615,227.13,26.87,20.25,4.500,-2.990,8.110
118628,227.06,27.13,20.31,4.320,-3.040,8.140
118641,227.06,27.69,20.37,4.740,-2.900,8.060
118653,227.00,27.87,20.44,4.610,-2.930,8.250
118666,226.88,28.12,20.56,4.630,-2.990,8.150
118679,226.75,28.44,20.75,4.780,-3.030,8.030
118691,226.25,29.19,21.25,4.820,-3.030,7.980
118703,225.94,29.63,21.62,4.840,-3.080,7.900
118717,225.62,30.06,21.94,4.640,-3.260,7.690
118730,225.56,30.44,22.06,5.110,-3.020,7.880
118742,226.75,30.94,21.69,5.820,-2.650,7.900
118754,227.19,31.00,21.75,5.770,-2.700,7.820
118768,227.13,30.88,22.13,4.550,-3.118793,227.75,30.12,22.44,5.750,-2.750,7.980
118805,228.31,30.06,22.25,5.330,-2.950,7.970
118819,228.25,30.19,22.31,4.660,-3.250,7.960
118831,228.31,30.50,22.62,5.130,-3.110,7.770
118843,228.25,30.62,22.75,4.570,-3.450,7.550
118855,228.25,30.88,22.94,6.540,-2.080,9.700
118869,227.25,31.62,23.94,2.070,-4.480,8.670
118881,224.06,35.50,27.50,4.150,-3.810,8.260
118893,224.44,37.69,28.94,8.810,-2.860,4.580
118905,224.62,38.50,30.06,11.270,-0.260,3.250
118919,223.87,37.75,30.50,1.960,-7.950,6.260
118931,224.62,36.00,28.94,7.660,-3.150,5.740
118943,225.25,35.75,29.00,5.590,-3.940,6.570
118955,224.75,35.63,29.12,4.470,-4.140,7.740
118969,224.81,35.44,29.06,5.900,-3.740,6.910
118981,224.75,35.44,29.12,5.660,-3.830,6.970
