265.81,-45.94,9.81,-6.970,-1.820,6.140
121779,266.25,-45.88,10.19,-6.940,-0.990,6.680
121791,266.69,-45.69,10.56,-6.940,-0.450,5.200
121805,267.06,-45.75,11.00,-7.600,-0.820,5.720
121817,267.62,-46.00,11.81,-7.370,-1.100,7.390
121855,268.37,-46.06,12.81,-7.560,-1.600,7.150
121868,268.19,-46.13,12.69,-7.440,-1.840,7.860
121880,268.12,-46.06,12.69,-7.810,-2.020,8.040
121892,268.12,-45.81,12.69,-7.810,-1.280,8.120
121906,268.44,-45.50,12.94,-8.970,-0.890,8.830
121918,269.31,-44.88,13.38,-7.040,-1.510,8.880
121930,269.75,-44.50,13.56,-8.030,-2.110,9.120
121942,270.50,-44.06,13.75,-7.610,-1.740,9.470
121956,271.13,-43.69,13.94,-8.150,-3.000,10.540
121968,273.62,-43.06,14.94,-9.170,5.010,13.580
121980,278.44,-42.94,18.44,-18.070,-4.580,14.450
121992,283.44,-44.06,22.25,-0.140,-10.450,3.460
122006,284.00,-46.00,21.37,5.560,1.250,4.210
122018,289.06,-43.94,24.87,-8.890,-5.310,13.550
122030,289.87,-43.00,24.56,-6.620,-4.630,9.840
122042,290.56,-41.88,24.63,-7.000,-4.950,5.630
122056,291.50,-40.38,25.12,-6.530,-4.920,7.480
122068,291.81,-37.25,24.56,-5.170,-6.720,10.960
122080,291.31,-35.38,24.06,-5.420,-5.700,9.870
122092,290.87,-33.50,24.06,-5.250,-6.320,11.150
122106,290.31,-31.62,24.50,-3.920,-0.400,14.420
122118,292.75,-27.81,27.81,-5.830,1.430,15.040
122130,293.37,-26.31,27.81,-2.580,-2.670,10.490
122142,292.62,-24.87,26.44,-1.750,-2.910,11.790
122156,291.94,-23.12,25.00,-3.130,-4.960,9.950
122168,290.69,-18.94,22.56,-3.440,-1.190,12.700
122180,290.38,-17.06,21.69,-2.810,0.070,11.430
122192,289.69,-15.25,20.44,-1.680,-1.360,11.930
122206,289.00,-13.44,18.94,-1.260,-1.860,9.770
122218,289.56,-9.44,16.69,-2.970,-1.390,9.030
122231,290.12,-7.44,15.44,-4.960,-2.080,7.650
122243,289.87,-5.50,13.88,-7.400,-3.460,7.950
122257,289.31,-4.00,12.37,-5.410,-4.110,6.950
122269,288.56,-2.87,10.75,-0.420,-1.400,5.730
122281,289.69,-3.06,10.63,2.360,1.310,6.080
122293,290.19,-3.25,10.31,2.490,0.050,6.420
122307,291.38,-3.00,10.06,0.980,-1.070,5.450
122319,291.94,-1.44,9.19,-1.800,0.910,7.420
122331,292.31,-0.44,8.94,-6.460,-0.510,9.890
122343,294.00,-0.31,8.75,-6.210,-5.400,6.000
122357,293.37,-0.25,8.38,-1.690,1.390,7.620
122369,291.25,-0.37,7.19,1.340,6.100,9.380
122381,291.25,-0.44,6.37,-1.760,-2.010,6.630
122393,291.00,-0.31,5.12,-2.690,-1.920,8.280
122407,290.44,-0.19,4.12,-2.090,-1.090,7.610
122419,288.31,-0.13,2.69,-0.060,-2.040,6.560
122431,287.81,-0.19,2.50,-1.020,-2.010,7.270
122443,287.75,-0.31,2.75,-1.520,-2.250,7.500
122457,287.69,-0.50,3.00,-1.340,-1.990,8.790
122469,287.50,-1.06,3.87,-1.010,-1.170,9.580
122482,287.25,-1.19,4.25,-1.440,0.510,10.140
122494,286.94,-1.19,4.50,-3.120,1.690,11.170
122508,286.44,-1.12,4.44,-2.950,1.310,11.900
122520,284.25,-0.81,3.31,-1.790,-1.050,9.490
122532,283.00,-0.88,2.44,-1.800,-1.390,9.380
122544,282.06,-1.06,1.69,-1.900,-0.990,9.720
122558,281.25,-1.44,1.00,-1.460,-0.940,9.700
122570,279.69,-2.44,-0.37,-0.820,-1.890,9.200
122582,279.44,-3.06,-0.94,-1.370,-2.020,9.080
122594,279.31,-3.87,-1.44,-1.390,-1.420,9.580
122608,279.00,-4.75,-1.94,-0.420,-13.720,4.770
122620,276.31,-6.62,-4.31,7.430,12.240,9.670
122632,276.81,-7.31,-4.25,-2.610,-6.800,5.650
122644,278.44,-7.94,-3.50,-2.630,-5.390,6.020
122658,278.25,-8.38,-3.00,-0.180,0.790,8.600
122670,276.25,-8.75,-2.50,-4.110,-0.420,9.220
122682,273.19,-8.06,-3.00,1.630,1.680,11.680
122694,269.31,-7.00,-4.06,0.060,1.140,9.540
122708,265.75,-6.00,-5.19,1.690,3.860,10.100
122720,259.69,-3.75,-7.56,-4.070,-0.860,8.820
122733,256.31,-2.69,-8.88,-1.690,1.480,11.030
122745,252.13,-1.50,-10.44,0.290,-0.880,9.190
122759,247.69,-0.19,-11.88,0.560,-0.120,10.480
122771,239.00,2.75,-13.94,1.640,1.800,10.340
122783,235.19,4.19,-14.25,-1.220,3.000,10.570
122795,231.56,5.44,-14.38,1.480,1.540,8.690
122809,228.06,6.31,-14.50,1.730,2.510,9.410
122821,222.94,7.31,-14.75,2.070,1.890,9.690
122859,218.19,8.63,-15.13,1.830,2.870,10.370
122871,215.87,9.06,-15.25,1.970,2.460,10.120
122883,215.25,9.13,-15.44,0.860,2.500,10.840
122895,215.00,8.94,-15.56,0.500,2.500,10.350
122909,215.00,8.69,-15.50,0.370,2.370,10.240
122921,216.00,8.06,-15.13,1.060,2.440,11.520
122934,216.94,7.75,-15.00,1.370,2.790,12.250
122946,218.25,7.50,-14.75,1.790,3.060,12.520
122960,219.75,7.44,-14.19,2.720,3.590,13.230
122972,223.19,7.87,-12.56,2.370,2.640,12.020
122984,225.25,7.94,-11.63,2.640,2.460,11.480
122996,227.81,8.00,-10.75,1.650,0.460,14.390
123010,231.06,7.94,-9.81,-0.400,2.300,14.990
123022,236.50,8.50,-8.13,-3.940,0.510,13.950
123034,237.88,9.31,-7.50,-0.480,0.160,13.260
123046,238.25,10.13,-6.50,1.940,-0.140,10.930
123060,239.00,10.50,-5.25,0.130,0.910,12.480
123072,241.31,10.38,-1.81,4.590,3.530,13.570
123084,242.62,10.06,0.13,-1.050,2.530,14.570
123096,244.56,9.69,1.87,1.860,2.870,10.110
123110,246.44,9.19,3.25,0.170,0.940,10.010
123122,252.31,8.50,5.94,-0.890,-0.940,10.000
123134,255.44,8.38,7.44,-4.930,-1.130,11.920
123146,257.00,8.44,8.75,1.850,3.130,10.630
123160,256.06,8.38,9.81,0.860,1.710,10.240
123172,252.56,8.19,11.00,2.970,0.190,9.400
123185,250.81,8.00,11.56,0.730,0.160,10.530
123197,249.06,7.87,12.37,0.990,2.130,10.070
123211,246.50,7.62,13.00,2.000,-0.620,9.830
123223,240.25,7.12,13.13,2.830,-1.320,8.620
123235,237.31,6.87,13.31,1.810,-1.840,9.120
123248,234.56,6.44,13.69,2.220,-1.560,8.950
123261,232.25,5.94,14.13,1.330,-1.030,9.200
123274,228.19,4.44,15.25,0.780,-0.120,7.790
123286,226.31,3.44,15.69,-0.180,-0.640,7.880
123298,224.69,2.37,16.00,-0.820,-1.350,8.090
123312,223.13,1.25,16.25,-1.440,-1.840,7.430
123324,219.69,-1.12,16.62,-1.270,-1.680,7.930
123336,217.87,-2.44,16.69,-0.560,-1.740,7.150
123348,216.56,-3.75,16.81,-2.340,-2.650,5.710
123362,215.25,-5.06,16.94,-2.820,-3.150,7.400
123374,213.69,-7.81,17.94,-2.040,-2.870,7.710
123386,213.00,-9.25,18.44,-2.230,-1.470,7.700
123398,212.38,-10.75,18.94,-3.580,-1.730,7.140
123412,211.75,-12.13,19.37,-3.550,-2.300,7.090
123424,210.94,-14.81,20.19,-3.280,-1.770,7.170
123436,210.69,-15.94,20.44,-4.500,-2.260,7.870
123448,210.56,-17.00,20.62,-4.010,-2.380,7.730
123462,210.38,-18.06,20.88,-3.780,-2.660,8.760
123474,209.94,-20.00,21.25,-2.900,-2.780,8.680
123486,209.69,-20.94,21.50,-2.870,-1.820,8.370
123498,209.44,-21.69,21.56,-3.160,-2.900,8.060
123512,209.25,-22.25,21.62,-4.180,-3.590,7.990
123524,209.06,-23.38,22.25,-5.100,-4.120,9.320
123536,209.00,-24.06,22.75,-4.150,-3.540,8.620
123548,209.00,-24.75,23.44,-4.130,-3.120,8.810
123562,209.06,-25.31,24.19,-4.110,-2.660,8.660
123574,209.06,-26.31,25.50,-4.130,-3.670,8.400
123586,209.00,-26.81,26.19,-3.670,-3.610,7.890
123598,209.00,-27.31,26.94,-4.690,-3.730,7.070
123612,208.87,-27.81,27.62,-4.590,-3.150,6.790
123624,208.56,-28.87,28.62,-4.670,-3.090,6.470
123636,208.31,-29.37,29.00,-3.660,-3.220,6.700
123648,208.00,-29.81,29.31,-3.650,-3.690,6.400
123662,207.69,-30.19,29.63,-4.500,-4.350,6.580
123674,206.94,-31.06,30.37,-5.250,-2.900,6.240
123686,206.50,-31.44,30.88,-5.140,-2.170,6.100
123698,206.13,-31.62,31.12,-7.000,-5.240,6.270
123712,205.87,-31.87,31.50,-6.100,-3.330,6.800
123724,205.37,-32.38,32.31,-5.750,-3.480,6.200
123737,205.25,-32.63,32.75,-5.580,-3.410,6.120
123749,205.06,-32.81,33.06,-5.800,-3.800,5.910
123763,205.00,-32.94,33.38,-5.610,-3.470,5.960
123775,204.75,-33.19,33.63,-5.640,-3.100,6.140
123787,204.56,-33.31,33.56,-4.670,-4.320,6.520
123799,204.31,-33.44,33.38,-4.530,-4.430,6.800
123813,204.00,-33.44,33.13,-4.530,-4.680,6.980
123825,203.37,-33.44,32.69,-4.980,-5.090,7.150
123863,201.31,-33.44,32.38,-4.890,-4.340,7.090
123875,200.75,-33.44,32.13,-5.020,-4.290,7.120
123887,200.44,-33.38,32.00,-5.990,-4.900,7.370
123899,199.00,-33.38,32.06,-5.980,-4.530,7.580
123913,198.75,-33.38,32.19,-5.800,-4.300,7.320
123925,198.56,-33.31,32.88,-5.930,-3.530,6.090
123937,198.62,-33.25,33.19,-6.340,-3.690,5.790
123949,197.69,-33.19,33.56,-6.440,-3.740,5.600
123963,197.87,-33.13,33.88,-6.450,-3.570,5.440
123975,198.50,-32.94,34.56,-6.680,-3.900,6.860
123988,198.81,-32.75,34.88,-7.400,-4.440,6.700
124000,197.94,-32.56,35.19,-6.080,-4.020,6.940
124014,198.19,-32.38,35.50,-5.590,-4.650,6.580
124026,199.12,-31.62,36.19,-4.660,-4.530,5.360
124038,199.69,-31.19,36.44,-4.890,-4.510,4.020
124050,199.19,-30.69,36.56,-5.720,-5.070,3.580
124064,199.75,-30.19,36.63,-5.730,-4.470,3.280
124076,201.12,-29.00,36.75,-4.890,-2.260,1.910
124088,201.94,-28.00,36.69,-5.580,-2.260,0.570
124100,201.62,-26.87,36.06,-5.060,-2.210,-0.190
124114,202.56,-25.56,35.00,-4.810,-6.000,0.980
124126,204.69,-22.37,32.88,-2.730,-5.780,1.980
124138,205.81,-20.37,31.94,2.350,-3.750,2.220
124150,207.12,-17.75,30.88,4.550,-3.920,2.560
124164,208.69,-14.19,29.63,4.410,-2.780,4.300
124176,212.00,-5.31,25.56,1.870,-2.330,9.090
124188,214.12,-0.31,23.00,-0.570,-3.040,11.180
124200,215.87,4.37,20.12,-0.490,-3.260,11.740
124214,217.19,8.75,17.31,1.440,-2.380,11.900
124226,218.44,17.12,11.81,6.960,1.640,10.110
124239,218.44,21.37,9.06,8.490,1.620,9.070
124251,218.25,25.81,6.37,7.270,-0.990,10.760
124265,218.06,30.06,3.94,7.340,-0.820,10.650
124277,218.88,36.69,0.19,8.040,-0.010,9.460
124289,219.31,39.25,-1.19,8.410,2.160,10.550
124301,219.62,41.50,-2.31,8.690,2.640,8.560
124315,219.44,43.56,-3.06,10.190,4.110,8.110
124327,219.94,47.38,-4.37,9.390,1.870,7.480
124339,220.56,49.13,-5.00,9.380,3.970,7.480
124351,221.19,50.81,-5.81,8.490,2.310,7.240
124365,221.31,52.50,-6.25,9.590,3.350,9.020
124377,222.56,55.06,-8.31,9.350,1.760,6.380
124389,223.13,56.13,-9.00,9.540,2.800,6.790
124401,223.69,57.06,-10.00,9.040,2.960,6.790
124415,223.94,58.00,-10.69,8.920,2.280,6.050
124427,223.50,59.88,-11.38,7.860,2.580,6.010
124439,223.25,60.56,-11.88,7.340,1.960,5.990
124451,223.06,61.13,-12.13,7.220,1.250,6.390
124465,222.88,61.56,-12.44,7.560,0.990,5.950
124477,223.19,61.81,-13.38,6.950,0.910,5.780
124490,223.44,61.69,-13.69,7.150,1.350,5.770
124502,223.69,61.50,-13.88,7.160,1.910,5.340
124516,223.81,61.31,-13.75,7.220,2.170,5.400
124528,223.87,61.00,-13.19,7.160,3.170,6.310
124540,223.75,60.81,-13.06,6.940,1.510,7.060
124552,223.75,60.50,-13.06,6.750,1.330,7.290
124566,224.00,59.88,-13.25,6.480,1.060,7.230
124578,225.31,58.00,-13.81,5.400,-0.880,6.040
124590,226.37,56.56,-13.75,5.750,0.400,5.890
124602,227.69,54.75,-13.69,5.040,1.440,5.300
124616,228.69,52.88,-13.31,5.690,1.520,6.360
124628,228.94,49.88,-10.56,10.740,3.560,5.720
124640,229.00,48.81,-9.56,9.730,3.960,6.080
124652,229.25,47.94,-9.13,8.600,2.470,6.230
124666,229.25,47.38,-8.81,7.840,1.770,6.530
124678,228.81,46.19,-8.19,4.920,0.690,6.350
124690,228.62,45.25,-8.00,5.680,0.270,6.160
124702,228.44,44.31,-7.75,6.330,-0.130,6.000
124716,228.31,43.38,-7.37,6.770,0.410,6.310
124728,228.50,41.31,-6.75,6.140,1.280,7.420
124741,228.44,40.25,-6.44,6.090,0.860,7.330
124753,228.37,39.25,-6.12,5.120,1.280,7.750
124767,228.31,38.00,-5.81,5.440,1.400,8.260
124779,227.56,35.81,-5.06,5.700,1.200,8.830
124791,227.19,34.81,-4.50,5.610,1.170,8.460
124803,226.88,33.69,-4.00,3.980,-0.400,5.830
124817,226.06,32.88,-3.56,3.920,-2.880,8.020
124829,224.12,31.81,-2.19,1.750,-2.930,8.910
124867,218.75,29.25,3.25,0.010,-1.160,10.550
124879,209.12,26.94,8.25,8.610,3.510,9.680
124891,205.12,25.56,9.44,7.950,1.170,8.360
124903,202.38,23.87,10.06,4.530,-3.460,7.670
124917,202.00,22.56,10.00,5.320,-3.680,7.910
124929,205.19,20.56,9.69,3.460,-0.370,9.660
124941,207.37,19.69,9.44,7.330,1.230,8.230
124953,210.69,19.37,8.81,14.500,-1.020,5.810
124967,216.69,19.56,7.87,4.410,-1.310,9.460
124979,226.25,20.06,5.87,19.340,8.340,12.000
124991,233.81,20.50,3.19,17.790,1.150,10.050
125003,245.37,20.62,-0.75,-7.740,-8.250,8.580
125017,250.50,20.88,-3.94,-4.860,-4.020,9.210
125029,252.38,21.50,-8.38,-3.330,-4.060,11.040
125042,255.69,19.69,-10.25,-3.740,-6.090,8.900
125054,257.12,18.12,-11.19,-1.870,-5.030,10.100
125068,258.63,16.25,-11.38,-1.050,-5.020,10.100
125080,260.19,12.75,-9.69,11.710,5.450,11.630
125092,258.56,13.19,-8.81,11.190,4.930,13.490
125104,261.81,12.25,-8.25,6.330,0.570,12.130
125118,265.19,11.75,-7.62,1.080,1.950,12.440
125130,267.44,13.13,-6.81,2.810,5.890,13.210
125142,268.25,14.00,-7.06,3.200,7.600,14.020
125154,268.94,15.00,-7.75,3.680,7.480,13.900
125168,269.13,16.25,-9.13,3.800,5.050,12.300
125180,269.62,18.87,-12.94,1.680,1.040,9.130
125192,270.25,19.87,-14.63,1.130,-0.240,7.610
125204,270.63,20.88,-16.19,1.490,-0.690,7.310
125218,270.69,21.81,-17.31,2.160,-0.060,7.090
125230,269.44,24.44,-18.62,6.700,5.200,7.950
125242,269.25,25.62,-19.50,5.960,6.220,7.910
125254,269.56,26.75,-20.75,3.620,4.800,7.510
125268,269.87,27.50,-22.19,2.840,3.140,7.080
125280,270.19,28.56,-24.81,3.110,1.710,7.490
125293,270.12,29.00,-25.56,3.530,2.220,6.100
125305,270.19,29.19,-26.12,3.620,1.700,6.500
125319,270.25,29.37,-26.56,4.240,1.390,6.300
125331,270.12,30.06,-26.75,4.230,2.320,7.190
125343,270.56,30.19,-26.81,3.510,2.010,7.100
125355,271.06,30.25,-26.75,2.970,1.830,7.040
125369,271.44,30.31,-26.44,3.550,2.900,7.120
125381,271.75,30.37,-25.44,4.280,3.870,7.610
125393,272.12,30.25,-25.00,3.370,4.510,7.770
125405,272.56,30.06,-24.56,3.160,4.330,7.770
125419,272.94,29.87,-24.19,1.410,7.170,11.840
125431,274.62,27.56,-25.19,11.370,-0.290,7.380
125443,280.31,22.75,-27.50,15.690,-6.210,0.650
125455,281.31,22.25,-28.44,4.270,6.150,9.190
125469,280.62,22.94,-28.75,1.960,4.120,7.480
125481,282.25,23.06,-29.87,3.380,3.480,10.280
125493,284.69,21.81,-29.25,0.490,5.490,8.490
125505,287.50,20.94,-29.06,3.660,5.460,8.360
125519,290.19,19.62,-29.19,6.450,6.560,9.080
125531,294.56,16.37,-31.19,6.090,7.220,8.520
125544,297.25,15.19,-31.37,-2.180,3.240,7.690
125556,300.75,13.25,-30.37,-1.420,3.860,7.790
125570,304.75,11.38,-29.19,-1.900,3.630,8.270
125582,311.62,8.13,-25.31,-0.700,1.060,7.990
125594,313.75,7.62,-23.62,1.570,4.510,9.390
125606,315.81,7.25,-21.69,0.940,4.310,8.030
125620,318.50,6.87,-19.56,0.540,3.640,8.220
125632,325.44,7.19,-15.00,2.510,2.330,8.200
125644,329.56,7.56,-13.00,1.050,4.300,9.180
125656,334.06,7.81,-11.06,4.820,-1.010,8.890
125670,337.69,8.44,-9.44,-0.060,3.310,8.670
125682,342.62,9.38,-6.94,0.890,1.820,11.030
125695,344.81,9.69,-5.81,3.580,-0.580,10.700
125707,346.56,10.13,-4.87,2.390,-0.520,10.820
125721,347.37,10.44,-4.06,0.520,1.280,11.680
125733,348.62,10.13,-2.44,1.520,0.270,10.040
125745,349.12,9.69,-1.69,1.490,0.020,10.060
125757,349.31,9.00,-1.12,1.750,-1.670,13.290
125771,348.56,7.19,-0.75,1.050,1.670,7.600
125783,346.50,4.06,-0.94,-0.830,-0.540,10.790
125795,346.62,3.12,-1.00,1.110,-1.290,10.390
125808,346.69,2.44,-1.06,0.570,-0.400,9.790
125821,346.44,1.56,-1.19,0.280,0.430,8.240
125834,346.37,0.00,-1.69,-0.300,-1.610,8.980
125872,346.81,-2.00,-2.87,-0.650,-2.290,8.920
125884,347.81,-2.69,-3.50,-1.020,-1.360,9.000
125896,348.31,-2.81,-3.81,-0.900,-0.900,9.640
125908,348.75,-2.87,-4.06,-1.030,-0.180,10.140
125922,349.12,-3.00,-4.31,-0.940,-0.290,10.470
125934,349.56,-4.25,-4.87,-1.150,-0.400,10.840
125946,349.56,-5.62,-5.50,-1.320,0.460,10.950
125958,349.50,-6.56,-5.62,-1.020,0.490,10.460
125972,349.37,-7.12,-5.31,-1.220,0.410,9.930
125984,348.50,-7.69,-4.56,1.390,2.830,10.500
125996,347.63,-7.87,-4.19,-1.930,0.500,8.040
126008,346.69,-8.38,-3.62,-0.990,0.060,8.990
126022,345.81,-9.13,-3.25,-1.320,0.810,8.770
126034,344.25,-10.06,-2.56,-1.000,2.060,9.660
126046,344.13,-10.13,-2.19,-0.970,1.100,9.860
126058,344.50,-10.06,-1.75,-2.420,0.010,10.060
126072,345.50,-10.13,-1.31,-2.260,-0.710,10.270
126084,349.62,-11.75,-0.06,-2.220,-0.180,10.040
126096,351.69,-13.25,0.19,-0.710,-0.950,9.740
126108,353.12,-14.75,0.19,-2.990,-1.310,11.770
126122,353.94,-16.06,0.00,-2.650,-0.750,11.530
126134,354.13,-20.12,-1.31,-3.420,-1.240,11.400
126146,352.87,-22.37,-2.25,-5.710,-1.810,9.910
126158,351.19,-25.62,-3.56,3.430,-0.920,7.900
126172,349.75,-29.44,-4.69,3.040,-0.550,7.160
126184,349.37,-33.25,-5.19,-4.810,-0.510,9.810
126196,349.81,-34.69,-5.12,-2.860,-0.410,8.950
126208,350.31,-36.00,-5.12,-3.950,-1.190,6.880
126222,351.00,-36.81,-4.81,-6.570,-0.990,6.930
126234,352.06,-38.69,-4.00,-7.280,0.900,7.620
126246,352.19,-40.31,-3.69,-7.130,1.370,7.090
126258,352.19,-42.19,-3.50,-7.390,1.460,6.240
126272,352.06,-44.19,-3.25,-7.450,1.090,5.760
126284,351.69,-47.81,-2.37,-7.610,0.960,4.940
126297,351.50,-49.44,-1.50,-8.730,1.750,6.290
126309,351.37,-50.94,-0.37,-9.030,1.910,6.640
126323,351.31,-52.56,0.62,-8.730,1.770,6.450
126335,351.06,-55.50,1.87,-8.430,1.450,5.610
126347,351.00,-56.56,2.19,-8.390,1.030,5.030
126359,351.12,-57.50,2.44,-8.720,0.320,3.530
126373,351.31,-58.19,2.75,-8.800,-0.410,2.070
126385,351.50,-59.00,4.12,-8.640,-0.230,2.850
126397,351.44,-59.06,5.19,-8.600,0.030,3.450
126409,351.44,-59.06,6.37,-8.550,0.220,4.490
126423,351.50,-58.87,7.56,-8.750,-0.140,4.150
126435,351.69,-58.19,9.38,-8.810,-1.430,2.880
126447,351.62,-57.81,10.25,-8.220,-1.530,2.920
126459,351.44,-57.50,11.12,-7.910,-1.560,3.810
126473,351.12,-57.38,12.19,-7.730,-1.870,4.450
126485,350.56,-57.06,14.25,-8.130,-1.130,4.180
126497,350.31,-56.75,15.13,-8.790,-2.200,4.870
126509,350.00,-56.44,15.94,-9.360,-2.330,5.860
126523,349.69,-56.19,16.56,-9.290,-2.550,6.130
126535,348.69,-56.37,17.25,-7.820,-2.680,6.750
126547,348.13,-56.69,17.37,-7.780,-2.560,6.530
126559,347.56,-57.06,17.50,-8.240,-2.220,6.220
126573,347.06,-57.38,17.56,-8.530,-2.050,5.870
126585,346.13,-57.81,17.56,-8.270,-1.870,6.020
126598,345.69,-58.00,17.44,-8.110,-1.870,5.970
126610,345.25,-58.13,17.31,-8.380,-1.980,6.160
126624,344.81,-58.25,17.12,-9.810,-2.840,6.960
126636,344.06,-58.44,16.56,-11.900,-3.680,7.170
126648,343.50,-59.00,16.06,-11.540,-3.720,6.920
126660,342.62,-59.94,15.19,-9.220,-2.590,6.750
126674,341.63,-61.00,14.06,-9.420,-1.380,6.850
126686,337.25,-63.75,9.75,-5.540,5.820,5.310
126698,336.19,-64.69,11.88,-11.410,-3.400,6.110
126710,336.19,-64.75,10.94,-7.080,-5.360,3.670
126724,336.12,-64.94,10.13,-7.210,-2.580,4.280
126736,336.12,-64.06,9.31,-13.230,-4.300,5.380
126748,336.06,-63.87,7.69,-14.300,-6.680,3.640
126760,334.81,-63.94,4.87,-15.280,-3.230,4.620
126774,332.19,-64.25,1.62,-10.980,-2.770,4.580
126786,326.31,-65.94,-3.12,-6.930,3.340,6.350
126799,324.88,-65.62,-3.87,-7.210,-0.900,5.680
126811,324.19,-65.00,-5.87,-6.590,-2.470,4.900
126825,323.94,-64.25,-7.62,-8.270,-0.520,4.510
126837,323.81,-62.13,-9.56,-9.470,0.120,3.980
126875,325.62,-58.75,-10.44,-10.540,1.070,5.100
126887,327.87,-56.81,-9.25,-9.510,0.580,4.000
126899,328.56,-55.31,-9.25,-8.380,-0.200,3.460
126911,328.81,-52.94,-9.19,-11.060,-0.480,5.750
126925,329.00,-50.56,-9.19,-14.580,1.080,8.620
126937,330.06,-49.44,-6.25,-9.450,-2.090,10.310
126949,330.50,-48.38,-4.87,-10.250,-1.700,9.810
126961,330.94,-47.00,-3.69,-9.870,-1.970,9.070
126975,330.94,-45.06,-3.12,-10.030,-1.710,9.510
126987,331.56,-41.19,-1.00,-11.200,-1.080,10.380
126999,332.37,-39.50,0.00,-9.930,-0.150,9.990
127011,333.25,-37.75,0.94,-9.670,-1.210,9.090
127025,334.06,-36.06,1.75,-9.670,-1.650,8.990
127037,334.87,-32.50,3.37,-9.790,-1.530,9.360
127049,335.19,-30.81,4.12,-8.450,-1.380,9.550
127061,335.44,-29.44,4.69,-7.520,-1.490,9.340
127075,335.63,-28.19,5.06,-6.710,-1.000,8.990
127087,335.63,-25.69,5.56,-5.510,0.250,7.210
127100,335.44,-24.19,5.69,-5.110,0.320,6.900
127112,335.19,-22.56,5.81,-5.150,0.400,6.200
127126,334.94,-20.88,6.00,-3.580,0.710,5.420
127138,334.37,-17.37,6.44,-2.070,0.820,5.790
127150,334.06,-15.94,6.69,-0.960,0.940,5.620
127162,333.81,-14.69,7.00,0.090,1.200,6.240
127176,333.69,-13.56,7.31,0.250,0.920,6.100
127188,333.56,-11.56,7.87,-0.170,0.890,6.280
127200,333.56,-10.56,8.19,-0.150,0.670,6.150
127212,333.50,-9.63,8.50,0.020,0.580,6.530
127226,333.38,-8.69,8.81,0.580,0.560,7.150
127238,333.06,-7.12,9.38,1.210,-0.760,7.030
127250,332.87,-6.44,9.63,1.280,-0.720,7.330
127262,332.62,-5.87,9.94,0.510,-1.550,7.900
127276,332.37,-5.31,10.19,0.080,-1.540,9.210
127288,331.63,-4.56,10.56,0.520,-1.720,8.620
127300,331.13,-4.37,10.75,1.790,-0.980,7.690
127312,330.87,-4.19,11.00,4.140,-0.780,7.250
127326,330.81,-4.00,11.38,3.490,-1.570,6.340
127338,331.38,-2.81,12.25,1.990,-1.870,9.340
127351,331.69,-2.19,12.63,0.430,-1.850,9.290
127363,332.00,-1.62,13.06,-0.090,-1.600,9.720
127377,332.19,-1.12,13.44,-0.810,-1.350,10.100
127389,332.12,-0.50,14.31,0.310,-0.890,9.760
127401,332.00,-0.25,14.75,0.100,-1.900,10.120
127413,331.87,-0.06,15.31,-0.390,-1.410,11.060
127427,331.75,0.00,15.75,-0.820,-1.120,11.200
127439,331.38,0.25,16.50,-1.380,-1.100,11.230
127451,331.00,0.37,16.81,-0.970,-1.240,10.790
127463,330.44,0.56,17.06,-1.380,-1.080,10.670
127477,329.94,0.69,17.25,-1.180,-0.930,9.490
127489,328.37,0.75,17.37,-1.590,-0.550,8.420
127501,327.44,0.56,17.31,-2.060,0.410,7.830
127513,326.50,0.37,17.31,-0.670,-1.640,7.750
127527,325.44,0.06,17.37,0.260,-1.500,7.350
127539,323.75,-0.69,17.44,0.000,-5.550,8.080
127551,323.13,-1.06,17.50,1.800,-9.370,10.050
127563,322.63,-1.50,17.62,3.000,-11.670,10.310
127577,322.44,-1.87,17.81,2.970,-11.820,10.660
127589,322.25,-2.50,17.19,-0.880,-11.620,13.040
127601,322.25,-3.06,16.31,1.380,-11.780,11.040
127613,322.63,-3.50,15.69,1.580,-11.690,10.910
127627,323.13,-3.87,15.25,-1.930,-7.420,10.160
127639,324.44,-4.87,14.31,1.810,-4.390,6.850
127652,325.13,-4.56,14.19,6.090,-4.520,5.930
127664,325.87,-4.06,14.19,-0.560,-0.200,8.640
127678,326.81,-3.81,14.38,0.760,2.540,9.480
127690,328.31,-3.44,14.75,-4.750,5.170,10.850
127702,328.81,-3.31,14.94,-5.930,5.700,10.040
127714,329.19,-3.31,15.06,-5.890,6.410,9.420
127728,329.38,-3.19,15.19,-3.720,7.020,8.880
127740,329.56,-2.31,15.75,-2.820,4.860,8.490
127752,329.38,-1.94,15.94,-2.770,3.570,7.340
127764,328.88,-1.56,16.25,-1.020,2.010,5.190
127778,328.12,-1.44,16.56,-2.390,1.710,7.550
127790,326.19,-2.06,16.69,-0.300,-3.850,7.660
127802,325.06,-2.50,16.62,0.770,-8.740,9.110
127814,324.12,-3.00,16.62,-1.100,-10.690,11.690
127828,323.75,-3.62,16.69,0.320,-12.430,9.770
127840,323.56,-4.25,16.81,-0.820,-14.690,11.540
127878,324.31,-4.00,15.38,0.490,-12.290,9.930
127890,326.00,-3.37,14.44,-5.100,-8.360,8.700
127903,326.94,-3.37,13.81,-2.640,-4.960,7.290
127915,328.06,-3.12,13.56,-0.700,0.080,6.730
127929,329.19,-2.69,13.50,1.950,-0.660,6.810
127941,331.69,-1.75,13.75,-0.790,2.980,12.240
127953,332.75,-1.44,13.88,-1.770,5.050,12.160
127965,333.63,-1.25,14.00,-2.750,6.770,11.690
127979,334.25,-1.00,14.06,-2.700,6.630,11.220
127991,335.19,-0.25,14.25,0.870,8.500,10.960
128003,335.44,0.25,14.31,-0.550,7.420,10.680
128015,335.56,0.69,14.25,-2.500,6.830,9.600
128029,335.19,0.88,14.19,-1.270,4.720,5.510
128041,333.63,1.00,14.50,1.370,1.220,9.070
128053,332.56,0.69,14.50,1.560,-4.400,8.670
128065,331.44,0.25,14.31,1.880,-4.860,6.930
128079,330.31,-0.19,14.19,2.130,-7.850,7.930
128091,328.56,-0.75,13.94,1.430,-12.500,9.190
128104,328.06,-0.81,13.81,1.510,-13.790,9.790
128116,327.87,-0.75,13.69,0.430,-13.510,10.790
128130,327.94,-0.88,13.25,0.200,-12.860,10.040
128142,328.94,-0.94,12.19,1.020,-12.480,9.940
128154,329.56,-0.75,11.81,-3.780,-12.110,7.850
128166,330.25,-1.00,11.38,2.920,-4.820,5.760
128180,331.44,-0.94,11.25,1.460,-5.960,6.800
128192,333.38,-0.81,11.50,-2.870,1.850,12.670
128204,334.06,-0.81,11.69,-1.440,2.560,12.200
128216,334.62,-1.00,11.81,-2.680,3.710,13.720
128230,335.00,-1.25,11.81,-3.550,5.010,12.050
128242,335.38,-1.25,11.75,1.220,8.030,11.650
128254,335.31,-0.88,11.75,-2.230,9.300,11.990
128266,335.00,-0.75,11.63,-1.880,8.670,9.000
128280,334.37,-0.69,11.69,0.140,7.910,5.950
128292,332.56,-0.75,11.94,-2.620,2.910,11.170
128304,331.25,-1.06,11.88,0.610,-0.670,9.650
128316,329.81,-1.44,11.69,2.230,-3.010,9.430
128330,328.37,-1.81,11.50,2.250,-6.250,8.110
128342,326.12,-2.12,11.56,5.310,-14.170,10.610
128355,325.62,-2.12,11.88,3.290,-12.960,9.650
128368,325.56,-2.62,11.81,-1.140,-13.270,11.110
128381,325.06,-3.19,11.00,0.480,-12.450,8.080
128394,324.75,-5.00,9.25,-1.260,-10.850,8.750
128406,325.00,-5.56,8.75,-2.140,-8.580,8.100
128418,325.81,-5.81,8.38,0.950,-7.490,7.020
128431,326.94,-5.56,8.25,-1.110,-5.350,5.900
128444,329.56,-4.94,8.19,-3.700,2.250,9.040
128456,330.75,-4.62,8.25,-0.480,1.020,10.500
128468,331.81,-4.44,8.31,-2.940,3.350,11.650
128482,332.75,-4.37,8.38,-2.360,4.590,11.220
128494,333.87,-4.25,8.50,-5.330,8.220,10.820
128506,334.25,-4.06,8.50,-3.200,7.570,10.440
128518,334.56,-3.50,8.56,-0.930,6.890,10.620
128532,334.75,-2.81,8.69,-2.730,6.570,11.210
128544,334.25,-2.00,8.75,-3.920,5.780,7.360
128556,333.56,-1.81,9.00,1.340,5.490,8.530
128568,332.62,-1.69,9.44,-2.400,1.550,11.460
128582,331.38,-1.87,9.75,-1.450,-0.280,11.010
128594,328.25,-2.62,10.00,1.100,-5.680,10.730
128606,326.69,-3.00,10.06,0.480,-7.630,9.820
128618,325.25,-3.44,10.19,2.080,-9.250,9.300
128632,324.00,-3.69,10.31,1.240,-12.230,10.760
128644,322.69,-3.87,10.69,-1.270,-12.560,11.870
128656,322.44,-4.06,10.50,-2.680,-12.670,12.890
128668,322.56,-4.25,10.13,-0.170,-11.890,11.530
128682,323.00,-4.31,9.69,0.420,-10.760,11.460
128694,324.31,-4.06,9.00,-0.350,-3.840,5.250
128706,325.44,-3.69,8.88,1.340,3.000,6.590
128718,326.81,-3.25,8.88,4.210,-5.080,8.520
128732,328.12,-2.75,9.13,-2.150,2.820,10.790
128744,330.37,-2.62,9.31,0.080,6.920,12.110
128756,331.13,-2.50,9.31,-0.380,7.140,11.510
128768,331.75,-2.25,9.44,-2.800,9.090,11.390
128782,332.12,-2.00,9.50,-4.480,9.520,8.810
128794,332.25,-1.37,9.75,0.190,8.920,9.720
128806,332.06,-0.88,9.88,-3.640,6.540,8.720
128818,331.69,-0.62,9.94,-4.080,5.500,6.740
128832,330.87,-0.44,10.06,-1.710,4.640,5.070
128844,328.50,-0.69,10.63,-2.920,-1.390,8.800
128882,323.31,-2.69,10.88,-0.710,-8.810,8.920
128894,320.50,-3.69,11.12,-0.050,-11.660,11.630
128907,319.50,-3.87,11.25,-0.310,-13.190,11.720
128919,318.94,-4.00,11.38,-1.790,-12.990,12.840
128933,318.63,-4.19,11.25,-2.270,-12.850,13.580
128945,319.00,-4.75,10.38,-1.890,-11.600,10.650
128957,319.44,-4.75,10.00,-0.390,-4.340,3.300
128969,320.19,-4.75,9.75,2.090,-6.150,6.850
128983,321.13,-4.37,9.94,-0.190,-2.670,11.380
128995,323.25,-4.00,10.13,1.000,4.180,11.450
129007,324.31,-3.87,10.31,0.460,3.180,13.080
129019,325.19,-3.81,10.44,-1.180,5.270,13.120
129033,325.87,-3.75,10.44,-4.150,6.600,10.410
129045,326.31,-3.81,10.50,-5.550,9.150,9.780
129057,326.31,-3.81,10.50,-1.440,7.470,10.460
129069,326.19,-3.50,10.63,-4.130,7.180,10.570
129083,325.87,-3.19,10.63,-5.100,6.350,9.310
129095,324.44,-2.75,10.81,-3.290,4.830,9.730
129107,323.38,-2.75,11.00,-4.420,2.870,10.130
129119,321.87,-3.06,11.06,-2.160,1.660,9.340
129133,320.19,-3.62,11.06,-0.220,-1.510,9.010
129145,316.75,-5.19,11.19,1.780,-6.050,8.450
129158,315.37,-5.87,11.38,3.380,-10.930,9.050
129170,314.56,-5.87,11.94,5.260,-14.320,8.610
129184,314.12,-5.56,12.63,-4.850,-14.190,15.350
129196,313.37,-6.19,11.69,-6.870,-15.260,13.330
129208,313.00,-7.06,10.81,-1.060,-11.420,9.390
129220,312.88,-7.75,10.25,-3.320,-7.110,9.530
129234,313.06,-8.31,9.81,0.140,-5.190,8.210
129246,315.19,-7.56,9.56,-1.620,-0.860,8.690
129258,316.50,-6.81,9.63,0.870,1.680,8.600
129270,318.06,-6.12,9.69,-4.390,-1.500,8.390
129284,319.25,-5.75,9.75,-0.410,0.630,11.150
129296,321.19,-5.25,9.81,-3.430,4.460,11.490
129308,321.94,-5.00,9.81,-5.380,6.820,9.320
129320,322.44,-4.69,9.75,-4.350,7.950,8.900
129334,322.75,-4.44,9.69,-1.510,7.620,9.850
129346,323.13,-3.25,9.94,-3.730,6.650,10.800
129358,323.06,-2.81,9.88,-4.380,6.850,8.800
129370,322.63,-2.56,9.88,-2.000,7.160,6.260
129384,321.81,-2.37,10.19,0.030,7.310,7.630
129396,319.25,-2.94,10.56,0.530,0.930,8.110
129408,317.62,-3.69,10.56,-0.120,-0.870,8.960
129420,315.94,-4.44,10.69,1.210,-7.250,8.140
129434,314.44,-5.00,10.75,2.090,-9.960,10.370
129446,312.81,-4.87,11.44,5.140,-16.220,10.000
129459,312.63,-4.44,11.94,-5.610,-15.470,16.000
129471,312.50,-4.50,11.63,-6.570,-14.060,14.640
129485,312.44,-5.06,10.75,-2.290,-12.980,11.240
129497,312.63,-6.19,9.50,0.660,-2.670,5.640
129509,313.31,-6.37,9.13,4.300,-3.460,6.770
129521,314.63,-5.94,9.00,4.160,-3.890,8.470
129535,316.06,-5.37,9.06,-0.860,1.560,7.990
129547,318.81,-4.62,9.13,-3.370,2.920,11.330
129559,320.19,-4.56,9.19,-3.230,1.700,12.470
129571,321.44,-4.37,9.25,-2.500,2.390,11.710
129585,322.37,-4.37,9.25,-5.680,1.320,12.070
129597,323.56,-4.31,9.13,-3.750,7.600,11.860
129609,323.94,-4.19,9.00,-3.360,10.030,9.430
129621,324.25,-4.00,8.94,0.090,8.840,10.180
129635,324.50,-3.44,9.00,-1.600,8.880,11.440
129647,324.37,-2.62,9.13,-2.820,8.510,7.550
129659,323.87,-2.44,9.44,0.060,7.760,8.020
129671,323.13,-2.37,9.81,-1.650,3.720,9.300
129685,322.00,-2.56,10.13,-1.870,0.800,9.720
129697,319.19,-3.62,10.38,0.830,-3.520,8.850
129710,317.75,-4.19,10.50,0.320,-9.460,10.390
129722,316.44,-4.69,10.56,2.090,-11.010,9.800
129736,315.44,-5.06,10.69,1.230,-12.490,11.650
129748,314.38,-5.50,11.00,-1.390,-13.440,13.330
129760,314.31,-5.75,10.81,-1.150,-13.150,12.630
129772,314.69,-6.19,10.31,1.150,-12.500,11.040
129786,315.37,-6.31,9.81,1.020,-12.280,10.450
129798,316.94,-6.25,9.19,1.700,-5.630,3.770
129810,318.00,-6.25,9.00,4.210,-5.240,7.400
129822,319.37,-6.06,9.00,-1.560,3.340,9.450
129836,320.50,-6.06,9.19,0.930,0.180,9.630
129848,322.63,-6.25,9.50,-4.260,6.150,11.280
129886,323.87,-7.00,9.81,-7.340,9.840,8.820
129898,324.19,-6.75,10.00,-5.130,7.680,9.820
129911,324.19,-6.37,10.06,-5.580,6.800,7.490
129923,324.06,-6.06,10.19,-4.250,4.040,6.110
129937,323.75,-5.75,10.50,-3.070,2.320,9.020
129949,322.25,-5.37,11.06,-5.280,-0.870,9.080
129961,320.94,-5.62,11.12,-0.800,-4.790,8.600
129973,319.56,-6.00,11.12,0.750,-8.330,10.400
129987,318.25,-6.31,11.06,-0.010,-10.900,9.840
129999,316.19,-6.87,11.25,3.110,-17.000,11.010
130011,315.75,-6.75,11.69,-1.140,-15.370,12.410
130023,315.75,-6.87,11.88,-3.780,-14.300,12.660
130037,315.81,-7.25,11.31,-0.370,-14.770,9.950
130049,316.94,-7.87,10.19,-1.240,-12.660,10.770
130061,317.69,-7.87,9.94,-0.100,-5.880,6.810
130073,318.56,-8.00,9.69,2.200,-6.450,7.270
130087,319.69,-7.87,9.69,0.680,0.180,9.450
130099,322.31,-7.37,10.06,-1.080,1.140,12.690
130111,323.50,-7.31,10.13,-2.290,6.170,13.540
130123,324.37,-7.25,10.25,-2.360,5.860,12.470
130137,325.13,-7.12,10.31,-5.440,8.870,11.320
130149,326.12,-6.75,10.31,-4.990,11.030,9.830
130161,326.44,-6.37,10.31,0.160,9.130,9.700
130173,326.69,-5.62,10.44,-4.190,7.960,8.700
130187,326.81,-4.87,10.38,-4.300,6.100,7.660
130199,326.37,-3.69,10.31,-1.210,3.890,6.430
130212,325.75,-3.31,10.44,-2.700,-0.020,7.040
130224,324.81,-3.31,10.44,-1.200,-2.210,8.500
130238,323.62,-3.50,10.38,0.460,-4.560,6.820
130250,320.69,-4.44,10.00,1.100,-10.330,6.590
130262,319.37,-5.06,9.81,1.910,-11.830,7.920
130274,318.31,-5.56,9.75,0.990,-13.890,9.520
130288,317.56,-5.81,9.88,-2.650,-15.150,11.410
130300,317.13,-6.25,9.38,-2.620,-15.640,11.470
130312,317.37,-6.69,8.69,-1.380,-14.470,10.250
130324,317.87,-6.81,8.13,-4.950,-12.200,8.050
130338,318.50,-6.75,7.81,-2.650,-8.210,7.510
130350,320.37,-6.56,7.44,-1.370,-7.730,9.420
130362,321.75,-6.12,7.50,-4.390,2.730,12.580
130374,322.81,-5.81,7.69,-0.200,-0.820,12.930
130388,323.87,-5.50,7.75,-2.110,6.510,14.700
130400,325.38,-4.94,7.69,-2.610,11.810,9.940
130412,325.87,-4.69,7.75,-5.890,13.510,10.220
130424,326.19,-4.44,7.81,0.950,11.610,10.210
130438,326.50,-4.00,8.00,-3.050,12.160,9.630
130450,326.44,-2.81,8.25,-3.640,8.180,6.930
130463,326.06,-2.31,8.50,-2.030,3.900,8.030
130475,325.50,-2.00,8.75,-4.230,1.730,6.120
130489,324.56,-2.00,8.88,-1.990,-0.610,7.830
130501,321.94,-2.56,9.19,1.780,-7.270,9.540
130513,320.63,-2.94,9.19,2.200,-8.850,7.200
130525,319.62,-3.19,9.31,3.250,-10.740,8.280
130539,318.69,-3.44,9.50,3.680,-14.890,10.090
130551,318.25,-3.62,9.31,-4.740,-12.180,12.820
130563,318.37,-4.19,8.63,0.270,-13.750,8.020
130575,318.56,-4.50,8.19,-0.240,-11.610,8.290
130589,319.00,-4.81,7.94,-1.980,-9.370,7.200
130601,320.81,-4.87,7.75,0.830,-6.730,6.170
130613,322.00,-4.69,7.94,-0.260,-1.970,8.050
130625,323.13,-4.37,8.19,-2.420,-6.990,9.590
130639,324.06,-4.44,8.38,-5.310,1.440,12.040
130651,325.38,-4.50,8.50,-2.050,5.120,14.330
130663,325.75,-4.44,8.50,-5.200,7.710,13.310
130675,325.94,-4.31,8.38,-4.190,12.590,11.350
130689,326.06,-4.06,8.38,-0.350,11.670,10.550
130701,326.00,-2.94,8.44,-4.190,12.110,11.470
130713,325.62,-2.62,8.44,-1.510,9.500,5.900
130725,324.94,-2.25,8.63,-0.480,8.800,6.570
130739,324.06,-2.12,8.81,-3.270,5.350,10.090
130751,321.50,-2.56,8.88,0.110,-1.500,9.440
130764,320.12,-2.94,8.81,2.030,-5.260,10.650
130776,318.81,-3.12,8.75,3.230,-6.980,8.230
130790,318.06,-3.00,8.94,12.220,-17.760,9.390
130802,317.50,-2.25,9.75,-3.020,-14.600,14.020
130814,317.31,-2.81,8.94,-7.760,-14.280,14.220
130826,317.06,-3.87,7.94,-0.450,-13.250,9.130
130840,316.94,-4.81,7.44,1.000,-11.160,7.160
130852,318.00,-5.56,7.06,3.780,-6.510,7.900
130890,321.75,-4.37,7.44,-0.890,-2.330,8.930
130902,323.87,-4.06,7.81,-3.010,1.910,11.670
130914,324.69,-3.94,8.00,-2.730,4.170,11.880
130926,325.31,-3.69,8.06,-5.770,6.950,11.940
130940,325.94,-3.37,8.13,-4.610,7.150,10.360
130952,326.81,-2.06,8.13,0.040,7.610,9.960
130964,326.94,-1.12,8.13,-3.140,8.480,10.550
130976,326.81,-0.50,8.06,-2.610,7.410,8.500
130990,326.50,0.00,8.25,-0.050,7.240,5.450
131002,325.13,0.37,8.81,-0.890,1.840,9.220
131015,324.06,0.19,9.06,2.960,0.080,8.150
131027,322.81,0.00,9.19,1.910,-1.020,9.370
131041,321.62,-0.37,9.25,1.590,-7.510,10.580
131053,319.56,-1.00,9.44,2.560,-10.570,10.900
131065,318.94,-1.12,9.56,2.120,-12.980,11.750
131077,318.56,-1.19,9.63,-0.010,-13.200,12.580
131091,318.44,-1.50,9.31,-1.110,-12.420,13.680
131103,319.19,-2.06,8.31,2.240,-11.200,11.240
131115,319.81,-1.94,8.06,-2.160,-10.520,9.220
131127,320.44,-2.00,7.94,-1.250,-5.930,6.740
131141,321.37,-2.00,7.87,2.050,-4.540,7.040
131153,323.69,-1.75,8.13,-0.530,1.860,10.890
131165,324.81,-1.69,8.25,0.450,0.260,11.680
131177,325.69,-1.69,8.50,-1.270,6.460,13.040
131191,326.37,-1.69,8.69,-2.390,8.050,12.390
131203,326.88,-1.87,8.94,-4.860,10.190,10.690
131216,327.00,-1.87,8.94,-0.640,11.420,8.860
131228,327.13,-1.37,8.94,-0.150,10.630,9.700
131242,327.06,-0.69,8.94,-3.130,9.710,8.900
131254,326.56,0.06,9.00,-1.610,5.050,4.660
131266,326.00,0.37,9.31,-1.020,3.680,6.920
131278,325.19,0.44,9.56,-2.370,0.740,8.830
131292,323.87,0.13,9.63,0.300,-3.370,7.460
131304,321.25,-0.69,9.50,1.130,-7.200,7.810
131316,320.06,-1.25,9.50,1.420,-10.370,8.330
131328,319.06,-1.75,9.50,1.290,-14.350,8.700
131342,318.37,-2.12,9.63,0.640,-15.510,9.690
131354,318.06,-2.87,9.38,-0.490,-15.580,10.880
131366,318.56,-3.31,8.94,0.980,-15.290,9.530
131378,319.37,-3.31,8.69,1.180,-14.510,9.040
131392,320.25,-3.06,8.63,-0.910,-14.230,10.120
131404,321.94,-3.56,8.06,3.040,-5.620,5.410
131416,322.94,-3.50,8.00,1.030,-0.010,8.090
131428,324.19,-3.37,8.19,-2.760,0.250,11.340
131442,325.19,-3.25,8.50,-4.680,1.040,12.690
131454,326.19,-3.62,8.94,-4.530,6.800,11.450
131467,326.31,-4.00,9.13,-5.420,10.220,9.240
131479,326.31,-4.19,9.31,-4.070,9.570,10.710
131493,326.44,-3.87,9.56,-0.910,8.780,12.390
131505,326.25,-3.00,9.63,-3.600,10.310,8.270
131517,325.94,-2.56,9.75,-1.350,9.590,7.600
131529,325.38,-2.19,10.00,0.010,7.280,9.260
131543,324.56,-2.06,10.00,-4.410,1.080,8.600
131555,321.81,-2.69,9.81,0.660,-3.060,8.360
131567,320.50,-3.19,9.69,2.190,-6.400,9.540
131579,319.31,-3.75,9.63,2.120,-11.950,9.330
131593,318.37,-4.19,9.69,1.630,-13.850,10.930
131605,317.50,-4.62,9.88,-0.960,-15.500,13.270
131617,317.56,-4.94,9.63,-1.360,-15.530,12.950
131629,318.06,-5.37,9.06,0.850,-15.010,10.850
131643,318.81,-5.50,8.75,1.450,-13.920,10.100
131655,320.63,-5.37,8.44,-1.720,-7.340,8.930
131667,321.69,-5.62,8.13,2.120,-1.530,5.860
131679,323.00,-5.50,8.19,-1.840,3.860,11.500
131693,324.37,-5.44,8.38,0.400,0.020,11.820
131705,326.50,-5.44,8.81,-2.850,5.400,13.250
131718,327.13,-5.69,9.00,-3.670,11.070,12.660
131730,327.56,-5.94,9.13,-5.570,12.520,11.680
131744,327.81,-6.12,9.19,-4.760,13.260,10.910
131756,328.25,-5.25,9.31,-4.550,11.390,10.770
131768,328.25,-4.75,9.19,-5.730,9.980,8.280
131780,328.00,-4.37,9.13,-5.450,8.540,3.870
131794,327.50,-3.94,9.44,-1.150,4.990,9.090
131806,325.44,-3.75,9.75,-3.510,0.790,7.150
131818,323.87,-4.06,9.69,-0.410,-2.760,7.580
131830,322.19,-4.56,9.69,2.040,-7.380,7.910
131844,320.63,-5.12,9.63,0.320,-9.810,7.900
131856,318.25,-6.12,9.75,0.730,-15.700,8.650
131894,317.44,-7.25,9.25,-1.270,-15.200,9.210
131906,318.69,-7.44,8.63,-1.280,-12.950,8.430
131918,319.56,-7.25,8.50,-3.590,-9.660,9.170
131930,320.63,-7.44,8.13,3.450,-3.820,5.120
131944,321.94,-7.37,8.00,-1.280,-2.680,8.230
131956,324.44,-7.25,8.13,-5.270,-0.790,10.630
131968,325.38,-7.37,8.25,-5.780,4.570,14.030
131980,326.00,-7.37,8.38,-7.100,5.970,13.510
131994,326.44,-7.50,8.44,-7.580,8.130,12.070
132006,326.94,-7.50,8.44,-0.710,10.460,10.090
132019,327.06,-6.94,8.56,-1.690,12.330,12.510
132031,326.94,-6.44,8.63,-4.480,11.800,11.170
132045,326.75,-6.12,8.69,-2.840,10.140,5.970
132057,325.69,-5.44,9.44,-3.270,4.350,10.900
132069,324.37,-5.44,9.56,-4.640,3.030,11.640
132081,322.75,-5.69,9.44,0.000,-1.970,8.690
132095,320.88,-6.19,9.19,1.780,-4.450,8.340
132107,317.19,-7.44,8.69,2.820,-14.250,8.160
132119,315.81,-8.00,8.75,3.790,-16.560,8.510
132131,314.81,-8.31,9.19,-0.640,-16.480,11.100
132145,314.25,-9.00,9.19,-2.950,-16.550,10.700
132157,313.94,-10.44,7.81,-2.110,-17.270,10.250
132169,314.19,-10.88,7.31,-4.730,-15.200,10.860
132181,314.69,-11.38,6.81,2.830,-11.440,8.520
132195,315.87,-11.44,6.37,0.240,-6.460,6.640
132207,318.94,-10.69,6.56,-4.860,-3.370,12.620
132219,320.50,-10.50,6.62,-4.540,2.910,13.150
132231,321.81,-10.44,6.69,-2.030,3.950,13.510
132245,322.75,-10.50,6.87,-4.380,10.280,13.750
132257,323.81,-10.63,7.00,-6.840,14.880,10.600
132270,324.12,-10.50,6.94,-4.440,17.010,8.900
132282,324.50,-10.06,7.00,0.910,14.310,9.370
132296,324.62,-9.13,7.12,-5.820,12.880,8.880
132308,324.50,-8.00,7.37,-3.890,9.110,1.580
132320,324.12,-7.50,7.81,-2.520,7.220,7.770
132332,323.31,-7.19,8.19,-5.380,1.680,9.910
132346,321.94,-7.25,8.25,-2.690,-1.780,8.340
132358,318.88,-7.69,8.06,0.320,-10.240,9.100
132370,317.44,-7.94,8.00,1.480,-13.140,8.400
132382,316.31,-8.13,8.00,3.240,-16.040,9.000
132396,315.50,-8.13,8.19,3.940,-17.570,8.730
132408,314.94,-8.38,7.94,-3.420,-14.250,9.860
132420,315.19,-8.94,7.25,-0.150,-15.250,7.200
132432,315.56,-9.31,6.69,-3.530,-10.360,6.300
132446,315.94,-9.69,6.31,-0.460,-7.000,5.060
132458,318.19,-10.06,5.87,1.680,-2.750,2.890
132470,319.81,-9.94,6.19,-5.800,-1.420,10.430
132482,321.13,-9.94,6.50,-3.400,-2.030,10.790
132496,322.37,-10.19,6.56,-5.550,0.970,11.110
132508,324.00,-11.00,6.94,-7.600,5.640,13.160
132521,324.50,-11.38,7.12,-7.710,9.530,14.320
132533,324.81,-11.56,7.19,-7.320,11.170,14.970
132547,324.94,-11.56,7.12,-0.810,13.180,12.620
132559,325.50,-10.31,7.19,-4.420,14.000,12.870
132571,325.50,-9.75,7.00,-4.900,12.810,9.090
132583,325.19,-9.25,7.12,-0.710,10.740,5.540
132597,324.69,-8.75,7.50,-1.410,7.040,10.160
132609,322.31,-8.75,7.75,-1.210,-1.700,8.430
132621,320.56,-9.31,7.75,1.310,-3.360,6.360
132633,318.88,-10.00,7.62,2.420,-7.840,9.650
132647,317.25,-10.50,7.44,0.390,-10.660,8.850
132659,314.94,-11.31,7.50,1.020,-16.870,10.480
132671,314.25,-11.50,7.62,-1.410,-16.060,11.620
132683,314.00,-11.88,7.31,-1.780,-15.200,10.070
132697,314.19,-12.56,6.69,0.610,-14.070,9.530
132709,315.25,-13.06,5.94,-2.290,-7.530,2.420
132721,316.19,-13.25,5.87,1.640,0.050,6.770
132733,317.37,-13.19,6.00,0.460,-5.370,7.410
132747,318.75,-13.06,6.25,-3.160,1.070,9.870
132759,321.13,-13.25,6.62,-3.990,2.800,11.710
132772,322.06,-13.56,6.75,-6.050,7.320,11.540
132784,322.56,-13.75,6.87,-7.820,9.060,11.500
132798,323.00,-14.00,7.06,-8.210,12.320,11.500
132810,323.62,-13.81,7.37,-2.590,10.940,12.700
132822,323.69,-13.19,7.50,-6.080,11.490,12.100
132834,323.75,-12.63,7.62,-5.890,10.160,6.110
132848,323.50,-12.19,7.94,-3.380,8.490,8.600
132860,321.87,-11.63,8.44,-1.840,-0.180,8.100
132898,317.56,-12.31,8.06,0.470,-10.200,8.850
132910,315.37,-12.37,8.44,2.410,-17.940,10.760
132922,314.81,-12.25,8.94,-2.420,-16.160,12.760
132934,314.56,-12.63,8.88,-4.040,-16.460,11.370
132948,314.69,-13.31,8.19,-1.050,-15.120,9.790
132960,315.56,-14.25,7.31,-3.420,-10.750,7.290
132972,316.25,-14.63,7.19,0.580,-4.470,5.950
132984,317.44,-14.69,7.37,0.120,-6.080,8.910
132998,318.81,-14.50,7.75,-3.420,-1.610,11.970
133010,321.19,-14.75,8.44,-2.800,8.160,12.710
133022,322.06,-15.06,8.69,-4.630,9.550,12.040
133034,322.75,-15.31,8.94,-7.140,11.400,11.810
133048,323.13,-15.50,9.13,-8.330,13.910,11.070
133060,323.50,-15.06,9.31,-3.670,11.760,11.360
133073,323.50,-14.31,9.38,-6.290,9.940,10.370
133085,323.44,-13.75,9.25,-8.350,6.710,4.660
133099,323.00,-13.31,9.31,-4.420,5.930,4.690
133111,321.19,-12.94,9.44,-1.940,-1.500,7.920
133123,319.94,-13.25,9.31,-0.920,-3.330,7.000
133135,318.56,-13.50,9.13,0.560,-7.100,9.180
133149,317.19,-13.62,8.81,-0.500,-9.620,7.380
133161,315.25,-13.44,9.13,-0.500,-15.180,11.310
133173,315.12,-13.62,9.75,1.460,-17.350,7.070
133185,315.19,-14.06,9.63,-5.150,-14.220,10.690
133199,315.12,-14.63,8.75,0.110,-15.410,6.620
133211,315.75,-15.81,7.50,-4.050,-10.850,5.950
133223,316.25,-16.19,7.19,2.020,-8.790,4.180
133235,317.44,-16.31,7.19,-0.270,-3.720,5.840
133249,318.69,-16.12,7.44,-3.270,-6.970,8.840
133261,321.25,-16.00,8.06,-6.480,1.390,12.290
133273,322.25,-16.19,8.19,-7.270,1.880,12.850
133285,322.94,-16.31,8.31,-9.290,2.730,13.000
133299,323.38,-16.50,8.38,-7.510,10.140,13.900
133311,323.87,-16.50,8.31,-5.500,14.190,11.090
133324,324.19,-16.00,8.19,-0.240,12.420,10.890
133336,324.37,-14.94,8.25,-6.490,13.370,11.770
133350,324.37,-14.13,8.19,-5.500,11.830,7.290
133362,323.87,-13.06,8.50,-4.120,5.010,10.220
133374,323.13,-12.56,8.81,-5.990,3.060,8.510
133386,321.94,-12.50,8.88,-4.620,0.030,8.110
133400,320.50,-12.88,8.75,0.210,-3.730,8.510
133412,317.50,-13.56,8.38,0.950,-13.190,9.510
133424,316.31,-13.75,8.31,3.410,-15.980,10.600
133436,315.50,-13.56,8.56,2.830,-17.440,11.260
133450,315.06,-13.56,8.88,-1.640,-15.890,12.130
133462,315.25,-14.25,7.87,-0.680,-13.640,9.070
133474,315.81,-14.69,7.31,0.070,-10.400,8.530
133486,316.44,-14.75,7.12,-2.700,-8.330,9.330
133500,317.13,-14.87,7.00,-1.940,-4.850,6.120
133512,319.25,-15.25,7.12,-2.850,4.700,13.220
133524,320.19,-15.19,7.37,-1.050,0.940,13.480
133536,321.25,-15.38,7.50,-4.200,7.180,13.380
133550,321.94,-15.63,7.69,-6.840,11.310,12.820
133562,322.63,-15.88,7.87,-9.490,13.280,8.940
133575,322.69,-15.75,7.81,-7.860,14.850,8.690
133587,322.88,-15.38,7.87,-5.910,12.840,9.530
133601,322.75,-14.56,7.87,-6.340,10.330,6.720
133613,322.12,-13.38,8.13,-4.570,4.880,7.780
133625,321.56,-12.94,8.44,-7.010,2.650,7.690
133637,320.56,-12.75,8.50,-5.130,-1.160,6.870
133651,319.31,-12.81,8.38,-2.190,-3.660,7.550
133663,316.69,-13.06,7.81,1.360,-12.770,7.400
133675,315.62,-13.13,7.56,3.890,-15.750,8.110
133687,315.00,-12.88,7.69,3.490,-17.320,8.280
133701,314.69,-12.56,7.87,-4.600,-14.090,11.200
133713,315.12,-13.06,6.75,-1.240,-15.510,6.990
133725,315.69,-13.38,6.19,-2.140,-12.060,8.730
133737,316.38,-13.31,5.87,-2.200,-9.390,6.550
133751,317.25,-13.38,5.62,-0.370,-7.500,4.470
133763,319.75,-13.13,5.56,-4.180,0.570,11.720
133776,321.00,-13.00,5.62,-4.830,-1.350,12.040
133788,322.19,-13.00,5.50,-6.770,1.180,11.990
133802,323.00,-12.94,5.50,-9.060,8.260,12.430
133814,323.81,-12.75,5.37,-9.950,12.590,10.100
133826,323.87,-12.56,5.31,-6.770,14.050,9.000
133838,324.12,-12.19,5.31,-4.090,12.550,12.800
133852,324.12,-11.25,5.50,-5.940,12.060,10.870
133864,323.81,-10.00,5.75,-1.260,9.070,9.150
133902,321.37,-8.75,6.87,-4.120,-0.290,9.880
133914,318.56,-9.06,6.87,1.510,-9.290,11.530
133926,317.13,-9.06,6.75,1.520,-10.720,9.440
133938,316.00,-9.06,6.62,3.600,-12.920,9.380
133952,315.25,-8.94,6.62,2.270,-15.470,10.780
133964,314.56,-8.63,6.69,-1.330,-13.330,12.640
133976,314.81,-9.00,6.12,2.050,-12.320,8.580
133988,315.31,-9.31,5.56,3.190,-8.980,4.000
134002,315.94,-9.31,5.37,-0.190,-8.940,7.060
134014,317.69,-9.44,5.56,1.950,-3.590,7.670
134027,318.88,-9.69,5.56,-2.820,1.750,12.250
134039,319.87,-9.81,5.62,-2.690,0.490,13.470
134053,320.81,-9.94,5.69,-4.300,4.460,11.460
134065,321.94,-10.13,5.56,-7.630,10.540,9.930
134077,322.25,-10.25,5.56,-7.790,12.030,9.270
134089,322.37,-10.00,5.75,-2.970,11.010,11.010
134103,322.56,-9.75,6.00,-5.020,10.800,12.300
134115,322.06,-8.81,6.44,-4.370,7.730,8.850
134127,321.37,-8.44,6.75,-4.060,6.070,11.540
134139,320.37,-8.31,6.94,-4.930,3.410,10.710
134153,319.25,-8.38,6.94,-2.360,0.720,10.020
134165,316.81,-8.31,6.87,0.380,-9.690,11.060
134177,315.87,-8.25,6.87,2.850,-11.270,9.140
134189,315.31,-7.87,7.37,6.200,-15.580,9.350
134203,315.00,-7.44,8.00,1.630,-15.530,10.600
134215,314.94,-8.38,7.19,-4.530,-14.440,12.240
134227,315.19,-9.13,6.50,1.430,-12.240,8.830
134239,315.44,-9.56,6.19,-1.250,-9.680,8.120
134253,316.00,-10.00,5.94,-0.270,-5.270,7.890
134265,318.50,-10.06,6.00,1.180,-4.300,8.010
134277,319.75,-9.94,6.31,-2.440,-3.270,11.230
134289,320.88,-10.13,6.44,-2.810,2.470,13.110
134303,321.81,-10.38,6.50,-0.740,6.290,12.270
134315,323.00,-10.75,6.50,-6.650,8.930,11.480
134328,323.25,-10.81,6.37,-6.110,9.990,11.040
134340,323.38,-10.75,6.25,-5.690,13.820,8.540
134354,323.56,-10.56,6.12,-2.150,13.400,7.970
134366,323.44,-9.31,6.06,-5.600,8.830,6.670
134378,323.25,-8.88,6.12,-3.520,7.330,3.860
134390,322.75,-8.44,6.37,-4.410,6.660,5.330
134404,322.12,-8.19,6.62,-3.370,3.800,9.380
134416,319.44,-8.44,6.75,-1.690,-1.920,9.790
134428,318.00,-8.94,6.56,-0.840,-5.300,6.220
134440,316.56,-9.38,6.37,0.740,-6.740,7.290
134454,315.25,-9.75,6.31,0.500,-12.130,6.850
134466,313.69,-9.94,6.81,1.720,-17.070,9.770
134478,313.56,-10.31,6.94,-1.970,-15.230,9.940
134490,313.56,-10.69,6.37,-4.520,-14.640,11.490
134504,314.12,-11.19,5.62,-0.720,-15.400,8.790
134516,315.56,-11.38,5.00,-4.390,-10.940,7.470
134528,316.50,-11.50,4.87,-1.840,-8.250,5.680
134540,317.81,-11.56,4.81,0.980,-4.580,6.450
134554,319.06,-11.50,5.00,-3.420,-0.140,8.530
134566,321.50,-11.75,5.25,-6.270,1.900,11.940
134579,322.31,-12.00,5.37,-9.010,4.560,13.030
134591,322.94,-12.44,5.44,-7.790,9.910,11.210
134605,323.25,-12.63,5.37,-9.710,12.720,11.480
134617,324.31,-11.94,5.37,-1.140,12.390,13.720
134629,324.69,-10.81,5.44,-4.440,12.660,13.130
134641,325.06,-10.13,5.31,-4.410,11.350,9.650
134655,325.19,-9.56,5.31,-3.880,10.520,4.800
134667,324.56,-8.63,5.81,-3.780,0.920,10.530
134679,323.50,-8.69,5.75,-3.870,-0.620,10.210
134691,322.31,-9.00,5.44,-1.970,-4.160,10.640
134705,321.00,-9.50,5.12,2.260,-10.280,10.810
134717,319.06,-10.38,4.69,0.810,-15.230,10.890
134729,318.50,-10.69,4.75,0.550,-16.690,12.230
134741,318.31,-11.00,4.75,-0.320,-15.300,12.160
134755,318.37,-11.31,4.37,-1.170,-14.460,13.290
134767,319.94,-11.75,3.69,0.710,-13.990,10.740
134779,320.75,-11.63,3.81,-6.090,-11.970,11.130
134791,321.44,-12.13,3.69,-6.550,-3.460,4.550
134805,322.69,-12.31,3.69,-2.000,-2.290,10.120
134817,324.88,-12.63,4.31,-3.700,0.080,12.410
134830,325.75,-12.88,4.56,-2.970,1.670,13.680
134842,326.19,-13.38,4.75,-4.290,9.220,11.700
134856,326.31,-14.00,4.94,-5.260,11.400,10.970
134868,326.00,-15.31,5.06,-2.820,15.460,9.940
134906,325.87,-14.25,5.00,-5.960,11.090,9.940
134918,325.31,-13.44,4.94,-4.150,6.980,6.980
134930,324.81,-13.06,4.94,-5.180,2.620,6.240
134942,323.87,-12.81,4.75,-5.880,-0.360,7.500
134956,322.63,-12.88,4.50,-5.440,-5.790,7.140
134968,320.56,-13.44,4.19,-0.680,-10.310,7.940
134980,319.87,-13.50,4.06,-1.180,-14.260,10.390
134992,319.56,-13.44,4.00,1.110,-15.440,10.670
135006,319.62,-13.19,3.94,0.920,-15.810,11.460
135018,320.88,-13.31,3.06,1.690,-12.720,8.450
135030,322.06,-13.19,2.69,2.220,-12.510,8.460
135042,323.13,-13.00,2.62,-4.660,-12.240,7.160
135056,324.00,-13.38,2.50,5.540,-7.100,3.370
135068,326.62,-13.62,3.06,-0.670,-2.090,5.940
135081,327.81,-14.06,3.44,-3.890,-0.780,8.750
135093,328.69,-14.63,3.87,-5.940,2.330,12.950
135107,329.31,-15.31,4.12,-6.660,3.820,13.580
135119,330.00,-16.87,4.44,-6.570,7.840,10.260
135131,330.12,-17.56,4.44,-6.340,12.920,7.270
135143,330.19,-17.81,4.62,-4.410,12.670,8.320
135157,330.37,-17.62,5.06,-4.890,12.170,11.440
135169,330.56,-17.06,5.44,-6.470,8.040,7.310
135181,330.56,-16.50,5.87,-3.170,7.650,10.150
135193,330.31,-15.94,6.06,-4.980,3.130,10.300
135207,329.81,-15.69,6.06,-5.770,-1.440,9.780
135219,328.19,-15.56,5.44,-0.680,-7.770,9.030
135231,327.69,-15.63,5.25,0.110,-13.420,10.410
135243,327.31,-15.63,5.12,1.000,-15.740,10.380
135257,327.25,-15.63,5.19,1.570,-16.580,11.480
135269,328.37,-15.75,5.06,-0.540,-14.260,12.780
135281,329.63,-16.06,4.69,1.140,-13.830,10.680
135293,330.94,-16.12,4.50,1.100,-13.790,9.980
135307,332.06,-16.31,4.56,-6.510,-11.110,6.940
135319,334.75,-17.00,5.00,-2.570,-3.730,8.460
135331,336.12,-17.37,5.37,-1.350,-2.180,7.020
135343,337.50,-17.75,5.75,-5.120,0.100,11.110
135357,338.62,-18.31,6.12,-5.300,1.650,11.510
135369,340.12,-19.94,6.81,-7.210,5.640,12.650
135382,340.56,-20.75,6.87,-7.650,9.170,12.380
135394,340.94,-21.44,6.81,-7.020,10.590,12.420
135408,341.31,-21.69,6.87,-6.290,12.250,12.370
135420,342.62,-20.81,7.00,-6.410,11.010,12.880
135432,343.25,-20.25,6.75,-6.740,10.000,7.630
135444,343.75,-19.50,6.81,-1.760,9.550,2.860
135458,344.13,-18.44,7.06,-3.990,5.970,7.700
135470,343.63,-17.37,7.00,-5.990,0.530,7.490
135482,342.81,-17.37,6.69,-0.150,-5.710,8.260
135494,342.06,-17.37,6.37,1.010,-8.290,8.030
135508,341.56,-17.50,6.12,2.580,-11.790,9.770
135520,341.38,-17.81,6.00,1.200,-17.100,12.210
135532,341.81,-17.75,6.06,-0.520,-16.180,13.180
135544,342.50,-17.75,5.87,-0.950,-14.910,13.240
135558,343.56,-17.81,5.44,-0.200,-14.580,11.380
135570,345.94,-17.62,5.31,-6.390,-5.980,3.900
135582,347.12,-17.75,5.25,2.100,-3.450,6.030
135594,348.44,-17.44,5.56,-2.140,3.410,7.630
135608,349.75,-17.56,5.87,-0.970,1.160,8.380
135620,351.81,-18.25,6.37,-2.040,6.410,11.570
135632,352.50,-18.75,6.50,-4.380,9.770,10.050
135644,353.06,-19.25,6.62,-4.560,10.880,9.820
135658,353.37,-19.56,6.69,-7.990,12.020,9.110
135670,353.50,-19.44,6.81,-6.570,9.550,11.600
135683,353.44,-19.06,6.69,-8.750,7.090,9.600
135695,353.06,-18.69,6.44,-9.530,5.730,7.320
135709,352.50,-18.19,6.37,-5.240,3.240,10.060
135721,350.56,-17.75,5.31,-3.790,-1.590,6.930
135733,349.37,-17.62,4.81,-1.060,-5.600,8.480
135745,348.25,-17.56,4.25,-1.510,-9.150,9.160
135759,347.19,-17.56,3.81,-0.920,-11.510,7.480
135771,346.13,-17.81,3.56,1.600,-16.160,9.390
135783,346.25,-18.12,3.62,-0.850,-12.880,10.140
135795,346.44,-18.19,3.06,-1.940,-14.200,11.060
135809,346.75,-18.31,2.44,-1.870,-12.940,10.540
135821,348.06,-18.75,1.87,-1.820,-6.900,5.150
135833,349.19,-19.00,2.00,-1.240,-6.460,5.000
135845,350.31,-19.12,2.25,-2.670,-4.110,7.030
135859,351.44,-19.06,2.69,-6.680,2.040,8.940
135871,353.25,-19.69,3.19,-5.560,3.810,9.430
135910,354.75,-20.62,3.81,-10.150,7.960,14.850
135922,355.37,-20.56,3.81,-3.900,8.740,11.390
135934,355.50,-19.94,3.75,-5.580,10.620,11.370
135946,355.50,-19.25,3.50,-5.760,9.080,9.380
135960,355.44,-18.56,3.44,-4.790,6.940,6.980
135972,354.44,-17.25,3.62,-4.860,3.960,10.460
135984,353.31,-17.00,3.37,-2.340,2.140,8.280
135996,352.06,-17.00,2.94,0.260,0.930,6.820
136010,350.69,-17.19,2.44,0.190,-1.100,7.980
136022,347.88,-17.75,1.19,0.040,-10.460,6.170
136034,346.87,-18.00,0.75,0.100,-13.700,8.300
136046,346.31,-18.31,0.75,-1.570,-13.790,8.580
136060,346.44,-19.06,0.75,-3.110,-12.760,9.080
136072,346.62,-19.81,-0.75,-2.730,-14.090,10.840
136084,347.19,-19.87,-1.31,-3.260,-13.240,10.330
136096,347.88,-20.00,-1.69,-2.420,-7.070,7.620
136110,348.94,-20.06,-1.75,-2.940,-2.280,8.440
136122,351.44,-19.94,-1.19,-4.840,0.310,13.500
136134,352.56,-20.19,-1.00,-4.260,3.810,12.400
136146,353.62,-20.50,-0.81,-4.200,9.650,12.150
136160,354.50,-20.75,-0.62,-4.380,11.820,12.310
136172,355.37,-20.75,-0.44,-7.810,18.030,8.830
136185,355.69,-20.50,-0.31,-1.520,15.280,8.850
136197,355.75,-19.87,-0.13,-4.300,16.110,9.550
136211,355.62,-19.37,-0.06,-7.020,10.910,7.990
136223,354.63,-18.56,0.06,-3.500,7.530,8.520
136235,353.69,-18.25,0.00,-4.180,5.590,8.740
136247,352.31,-18.19,-0.25,-1.150,1.470,6.690
136261,350.87,-18.31,-0.69,-1.940,-0.030,7.690
136273,347.94,-18.87,-1.75,-0.950,-6.030,7.720
136285,346.56,-19.31,-2.19,-0.180,-8.530,8.680
136297,345.50,-19.50,-2.50,-1.060,-9.900,10.050
136311,344.75,-19.62,-2.62,-1.730,-10.670,10.590
136323,344.19,-20.44,-3.50,-3.840,-9.650,10.710
136335,344.50,-20.88,-4.06,-2.390,-9.260,10.190
136347,345.06,-21.12,-4.44,-4.230,-6.900,5.450
136361,345.69,-21.37,-4.56,-2.610,-6.990,5.590
136373,347.81,-21.69,-4.06,-0.680,-2.560,6.410
136385,349.06,-21.69,-3.56,-4.550,2.720,9.460
136397,350.19,-21.87,-3.06,-4.920,0.230,10.660
136411,351.19,-22.19,-2.56,-5.230,3.330,11.280
136423,352.69,-22.94,-1.94,-6.720,8.740,11.240
136435,353.00,-23.12,-1.81,-8.070,11.460,9.780
136447,353.06,-23.25,-1.81,-8.830,13.600,9.210
136461,353.19,-23.25,-1.75,-3.910,13.320,8.800
136473,353.31,-22.06,-1.56,-5.670,13.360,9.660
136486,353.12,-21.37,-1.62,-5.820,11.280,7.990
136498,352.75,-20.75,-1.50,-3.740,9.820,6.670
136512,352.19,-20.19,-1.37,-2.790,6.610,9.220
136524,349.81,-19.37,-1.87,-3.430,1.690,9.100
136536,348.19,-19.50,-2.56,-0.500,-0.480,6.930
136548,346.62,-19.87,-3.31,-1.170,-1.950,8.000
136562,345.12,-20.25,-4.06,-0.140,-4.630,8.820
136574,342.62,-21.19,-5.31,-1.550,-11.100,10.590
136586,341.75,-21.37,-5.69,-3.220,-11.440,12.370
136598,341.44,-21.81,-6.00,-3.770,-11.320,13.650
136612,341.31,-22.25,-6.50,-3.780,-10.970,13.150
136624,342.56,-23.12,-7.56,-1.130,-11.430,11.340
136636,343.31,-23.25,-7.62,-8.370,-3.730,8.570
136648,343.88,-23.56,-7.69,-2.500,-2.590,9.780
136662,345.06,-24.06,-7.62,0.190,-0.380,7.370
136674,347.31,-24.63,-6.81,-4.490,7.280,11.400
136687,348.25,-24.87,-6.44,-4.190,10.070,11.250
136699,349.06,-25.19,-6.06,-4.880,11.170,10.430
136713,349.62,-25.31,-5.75,-8.630,15.650,8.390
136725,350.13,-25.56,-5.31,-6.430,15.300,8.310
136737,350.38,-25.25,-4.94,-4.450,14.110,9.080
136749,350.38,-24.50,-4.69,-8.370,10.680,7.410
136763,350.19,-23.81,-4.62,-8.520,8.540,5.740
136775,349.19,-22.56,-4.25,-7.120,4.350,8.080
136787,348.19,-22.06,-4.44,-4.900,1.120,7.720
136799,347.06,-21.81,-4.81,-3.240,-0.200,7.730
136813,345.63,-21.50,-5.31,-2.560,-2.490,9.290
136825,343.06,-21.25,-6.50,1.120,-9.090,8.790
136837,342.13,-21.12,-6.75,3.450,-14.200,9.940
136849,341.81,-21.12,-6.25,-2.090,-9.860,9.280
136863,341.81,-21.50,-5.94,-7.420,-8.690,11.380
136875,341.56,-21.37,-7.56,-6.520,-10.660,10.130
136913,342.50,-21.94,-9.00,-0.760,-3.460,8.710
136925,345.06,-21.75,-8.13,-4.140,-2.980,6.440
136937,346.56,-21.94,-7.56,-6.950,-0.120,9.670
136949,347.50,-21.94,-6.94,-6.310,4.860,11.290
136963,348.50,-22.56,-6.44,-4.370,6.980,12.830
136975,349.81,-23.50,-5.50,-5.040,10.300,13.560
136988,350.25,-23.69,-5.19,-5.550,11.150,12.000
137000,350.44,-23.62,-5.00,-7.470,13.280,10.560
137014,350.62,-23.38,-4.81,-3.280,11.360,9.750
137026,350.87,-22.13,-4.37,-7.240,8.920,7.880
137038,350.62,-21.44,-4.37,-6.120,7.280,6.200
137050,350.13,-20.75,-4.37,-2.980,6.250,6.500
137064,349.50,-20.19,-4.44,-4.090,5.790,8.410
137076,347.50,-19.75,-5.31,-1.460,0.490,6.310
137088,346.25,-19.69,-5.81,-1.200,-2.260,8.110
137100,345.19,-19.81,-6.31,-1.440,-5.970,6.850
137114,344.19,-20.12,-6.94,-0.220,-6.630,7.840
137126,342.75,-20.88,-7.69,-0.260,-9.090,9.390
137138,342.37,-21.12,-8.06,-0.930,-6.520,11.370
137150,342.06,-21.50,-8.75,-0.440,-7.180,10.040
137164,342.00,-21.94,-9.56,-0.310,-7.600,9.780
137176,342.13,-23.06,-10.75,-1.690,-3.120,4.960
137188,342.25,-23.56,-10.94,-0.820,-1.300,7.780
137200,342.50,-24.06,-11.19,0.650,-5.010,6.040
137214,343.06,-24.56,-11.25,-0.120,-2.820,6.410
137226,344.25,-26.19,-11.69,0.620,-3.130,5.190
137238,344.75,-27.06,-12.00,-1.930,-2.930,4.820
137250,344.94,-28.19,-12.44,-1.570,-1.500,3.660
137264,344.87,-29.50,-13.31,1.810,-1.460,3.200
137276,345.44,-32.38,-15.13,3.540,-1.080,0.870
137289,346.06,-33.88,-15.69,2.880,-1.490,2.010
137301,347.12,-35.31,-16.00,1.430,-1.130,3.010
137315,348.87,-37.19,-15.94,1.010,-1.430,4.090
137327,353.50,-41.75,-15.38,-4.080,-5.180,3.610
137339,355.31,-43.25,-15.81,-4.910,-0.190,4.370
137351,356.87,-44.69,-16.81,-7.100,-0.790,4.030
137365,358.63,-46.63,-18.06,-7.440,0.150,4.620
137377,1.94,-51.13,-22.31,-8.380,2.100,1.500
137389,3.87,-53.75,-25.00,-8.040,3.050,-0.850
137401,6.00,-56.37,-27.94,-7.810,3.490,-1.310
137415,8.19,-58.69,-31.06,-8.530,4.170,-1.450
137427,13.13,-63.13,-37.44,-10.970,3.600,-1.760
137439,16.25,-65.50,-40.19,-11.460,4.280,-0.410
137451,19.62,-67.81,-43.13,-11.680,4.060,-0.800
137465,23.06,-70.19,-46.25,-14.290,5.730,-1.550
137477,30.44,-75.50,-56.25,-11.790,4.450,-5.430
137490,34.13,-77.81,-63.87,-11.350,4.280,-6.260
137502,37.69,-79.44,-70.37,-12.740,2.580,-5.910
137516,40.94,-80.87,-75.56,-14.330,3.770,-5.510
137528,46.25,-83.44,-6.44,-16.270,1.990,-3.150
137540,48.44,-84.62,-5.31,-14.920,2.760,-3.120
137552,50.31,-85.62,-175.62,-11.970,5.940,-0.940
137566,52.56,-86.87,-176.94,-10.300,2.500,-0.120
137578,57.69,-89.25,-179.50,-14.860,-0.070,-0.990
137590,59.69,-89.19,179.44,-15.630,-0.020,-0.630
137602,61.31,-88.44,178.75,-15.680,0.000,-0.550
137616,62.69,-87.62,178.25,-15.370,-0.420,-0.130
137628,65.06,-86.19,177.75,-13.570,-0.350,0.080
137640,66.12,-85.81,177.62,-13.420,-0.470,0.000
137652,67.06,-85.75,177.62,-12.990,-0.190,-0.660
137666,67.81,-85.81,177.56,-12.680,-0.480,-1.230
137678,68.00,-86.31,177.62,-13.590,0.440,0.230
137690,67.44,-86.87,177.87,-14.590,0.510,1.070
137702,66.94,-87.19,178.06,-13.340,-0.260,0.040
137716,66.69,-87.19,178.00,-11.870,0.280,-0.190
137728,65.94,-86.87,177.75,-11.380,-1.200,0.480
137740,65.37,-86.87,177.81,-11.030,-0.860,1.000
137752,64.81,-86.81,177.87,-11.910,-1.760,0.980
137766,64.31,-86.75,177.87,-12.820,-1.730,1.340
137778,63.56,-86.56,177.62,-11.480,-1.040,1.030
137791,63.13,-86.56,177.56,-11.960,-1.230,1.190
137803,62.81,-86.63,177.50,-12.160,-1.460,1.480
137817,62.44,-86.69,177.38,-12.000,-1.320,1.150
137829,61.81,-86.69,177.25,-11.270,-1.370,0.790
137841,61.50,-86.69,177.19,-10.760,-1.110,1.170
137853,61.06,-86.81,177.31,-10.770,-1.410,1.430
137867,60.63,-86.94,177.38,-10.200,-1.720,1.200
137879,59.69,-87.31,177.62,-9.470,-1.210,0.650
137917,58.69,-87.81,178.31,-9.750,-1.280,0.030
137929,58.06,-87.94,178.75,-9.960,-0.740,-0.380
137941,57.75,-87.88,179.00,-9.700,-0.770,-0.270
137953,57.44,-87.69,179.19,-9.680,-0.740,-0.020
137967,57.06,-87.37,179.44,-9.320,-0.670,-0.490
137979,56.31,-86.69,179.94,-9.030,-0.990,-0.870
137991,55.94,-86.31,-179.81,-9.430,-0.700,-0.410
138003,55.56,-85.87,-179.56,-9.860,-0.860,-0.360
138017,55.12,-85.50,-179.31,-11.720,-0.840,0.000
138029,54.25,-84.69,-178.81,-10.660,0.670,-1.090
138041,53.94,-84.37,-178.50,-11.180,-0.490,-0.890
138053,53.50,-84.06,-178.12,-11.460,-0.010,-0.290
138067,53.19,-83.75,-177.87,-11.550,-0.290,-0.040
138079,52.56,-83.06,-156.75,-10.520,0.090,-0.980
138092,52.25,-82.75,-155.63,-10.310,0.080,-0.860
138104,52.00,-82.50,-154.69,-9.740,0.350,-0.790
138118,51.75,-82.25,-153.62,-10.240,-0.350,-1.100
138130,51.13,-81.69,-152.12,-9.590,-0.330,-1.660
138142,50.81,-81.44,-151.81,-8.630,-0.230,-1.150
138154,50.56,-81.25,-151.69,-8.390,-0.110,-0.950
138168,50.31,-81.19,-151.31,-9.070,-0.560,-0.760
138180,50.00,-81.25,-150.81,-8.560,0.000,-1.720
138192,50.00,-81.44,-150.56,-8.980,-0.010,-1.370
138204,49.94,-81.56,-150.44,-9.120,0.400,-0.580
138218,49.94,-81.69,-151.00,-9.440,-0.300,-0.560
138230,49.88,-81.75,-153.44,-9.990,0.100,-0.510
138242,49.81,-81.75,-155.31,-10.190,0.660,-0.120
138254,49.94,-81.75,-157.25,-10.280,1.440,0.470
138268,49.94,-81.75,-158.56,-10.760,1.280,0.390
138280,50.19,-81.63,-158.81,-10.760,1.420,0.050
138292,50.50,-81.44,-158.94,-10.250,1.170,-0.020
