22206,9.94,-1.00,50.56,9.490,-11.640,1.320
22218,8.00,-1.00,50.88,10.010,-11.960,1.120
22232,6.25,-1.00,51.13,10.430,-12.350,0.750
22244,3.12,-1.00,51.50,11.320,-13.140,0.520
22256,1.75,-0.94,51.63,12.730,-13.330,0.230
22268,0.56,-1.00,51.63,13.320,-12.890,-0.070
22282,359.50,-1.06,51.56,13.490,-12.490,-0.620
22294,357.94,-1.12,51.31,13.550,-11.410,-2.320
22307,357.37,-1.12,51.19,13.960,-11.140,-2.400
22319,356.94,-1.06,51.06,14.260,-11.020,-2.120
22333,356.63,-0.94,50.94,14.180,-11.540,-1.180
22345,356.38,-0.75,50.88,14.390,-11.020,0.260
22357,356.38,-0.81,50.88,14.320,-10.470,0.770
22369,356.50,-1.00,50.88,13.710,-9.140,1.370
22383,356.69,-1.25,50.94,13.420,-8.500,1.580
22395,357.56,-1.87,51.13,12.780,-8.010,2.030
22407,358.19,-2.12,51.19,12.640,-7.870,2.360
22419,359.06,-2.44,51.31,12.210,-7.990,2.520
22433,0.13,-2.69,51.44,11.840,-8.060,2.700
22470,6.31,-3.69,51.94,9.330,-7.050,1.210
22483,8.38,-3.87,52.13,8.840,-7.230,0.790
22496,12.94,-4.25,52.75,7.490,-8.330,0.220
22508,15.50,-4.37,53.13,5.720,-9.490,-0.130
22520,18.12,-4.50,53.56,4.360,-10.040,-0.550
22533,20.94,-4.69,54.06,3.310,-10.640,-0.880
22546,26.50,-5.25,55.38,0.280,-12.690,-1.890
22558,29.31,-5.62,56.19,-0.990,-13.440,-2.270
22570,32.25,-6.00,57.06,-2.920,-14.180,-2.460
22584,35.25,-6.25,58.00,-7.460,-15.570,-1.950
22596,41.31,-6.56,59.69,-11.920,-16.750,-0.980
22608,44.25,-6.62,60.38,-17.230,-17.620,-0.720
22620,47.06,-6.62,60.88,-20.110,-17.550,-0.810
22634,49.69,-6.62,61.25,-23.970,-17.900,-1.270
22646,54.19,-6.69,61.75,-33.260,-18.910,-1.190
22658,55.81,-6.75,61.88,-35.620,-18.860,-0.800
22670,57.06,-6.81,61.94,-37.220,-18.610,0.120
22684,57.75,-6.94,61.94,-37.540,-17.750,1.370
22696,57.62,-7.44,61.69,-33.650,-14.120,4.300
22709,56.81,-7.75,61.37,-31.390,-12.870,4.280
22721,55.50,-8.19,60.88,-26.000,-10.520,3.310
22734,53.87,-8.56,60.19,-23.490,-9.550,2.500
22747,49.94,-8.94,58.50,-18.780,-8.610,1.270
22759,47.62,-9.00,57.62,-14.900,-8.550,0.970
22771,45.19,-9.00,56.75,-12.790,-8.480,0.920
22785,42.56,-8.94,55.88,-10.730,-8.330,0.820
22797,37.00,-8.75,54.19,-5.340,-8.590,-0.100
22809,34.06,-8.63,53.38,-3.690,-8.680,-0.580
22821,31.19,-8.44,52.62,-2.320,-8.540,-1.120
22835,28.31,-8.25,51.88,0.330,-8.290,-1.980
22847,22.75,-7.69,50.50,2.830,-7.680,-2.790
22859,20.12,-7.37,49.94,5.510,-7.100,-2.800
22871,17.56,-7.00,49.50,5.910,-7.050,-2.710
22885,15.19,-6.69,49.31,5.940,-7.370,-2.540
22897,10.81,-6.06,49.44,8.360,-10.740,0.260
22910,8.75,-5.81,49.75,9.150,-11.970,1.110
22922,6.87,-5.75,50.12,10.140,-12.370,1.760
22935,5.00,-5.75,50.50,11.510,-13.040,0.760
22948,1.69,-5.81,51.00,13.390,-13.090,-0.170
22960,0.50,-5.69,51.13,14.620,-13.140,-0.290
22972,359.56,-5.50,51.25,15.750,-13.870,-0.360
22986,358.63,-5.37,51.44,16.240,-14.170,-0.310
22998,357.56,-4.62,51.44,17.220,-14.160,-0.350
23010,357.31,-4.25,51.37,17.580,-13.860,-0.140
23022,357.12,-4.06,51.37,17.570,-13.590,0.040
23036,357.19,-4.00,51.37,17.620,-13.180,0.440
23049,357.62,-4.37,51.50,16.570,-11.320,1.720
23061,358.06,-4.75,51.63,15.860,-10.770,1.900
23073,358.69,-5.12,51.75,15.160,-10.310,2.020
23086,359.50,-5.50,51.88,14.460,-9.640,2.270
23099,1.81,-6.12,52.00,13.640,-9.650,2.130
23111,3.31,-6.31,52.06,12.670,-9.590,1.680
23123,5.12,-6.56,52.13,11.920,-9.590,1.340
23136,7.19,-6.69,52.13,10.820,-9.770,0.770
23149,11.88,-6.81,52.25,8.350,-10.090,-0.040
23161,14.38,-6.75,52.31,7.760,-9.980,-0.290
23173,17.06,-6.75,52.50,6.940,-9.980,-0.630
23186,19.87,-6.81,52.69,4.840,-10.310,-1.440
23199,25.75,-6.94,53.50,2.250,-11.010,-1.600
23211,28.75,-7.12,54.13,1.190,-11.790,-1.360
23223,31.75,-7.25,54.81,-0.870,-14.370,-1.420
23237,34.81,-7.44,55.44,-2.750,-15.710,-1.920
23249,41.19,-7.44,56.50,-7.880,-16.780,-1.980
23261,44.25,-7.31,56.81,-9.470,-15.690,-1.830
23273,47.38,-7.19,57.13,-11.630,-14.210,-1.770
23287,50.31,-7.06,57.38,-14.430,-12.900,-1.690
23299,55.69,-7.00,58.19,-23.130,-12.730,-0.940
23312,57.81,-7.06,58.69,-25.370,-13.380,-0.430
23324,59.56,-7.25,59.13,-27.110,-13.870,-0.080
23337,60.94,-7.37,59.56,-29.640,-14.320,0.440
23350,62.88,-7.44,60.00,-32.300,-13.780,0.850
23362,63.38,-7.25,59.94,-32.770,-13.150,1.980
23374,63.38,-7.06,59.88,-32.090,-12.740,2.660
23388,63.00,-6.94,59.69,-30.890,-12.470,3.370
23400,60.88,-7.06,59.19,-24.960,-10.820,3.620
23412,59.31,-7.25,58.81,-22.670,-10.070,3.400
23424,57.50,-7.37,58.38,-20.770,-9.630,2.960
23438,55.44,-7.44,57.88,-17.670,-9.090,2.140
23475,45.63,-7.69,55.69,-11.110,-9.890,-0.830
23488,42.75,-7.75,55.06,-9.590,-9.770,-1.820
23501,36.81,-7.62,53.87,-5.120,-9.970,-3.860
23513,33.88,-7.44,53.38,-3.900,-10.240,-4.170
23525,30.94,-7.19,52.94,-2.680,-10.540,-4.520
23538,27.94,-6.87,52.56,-1.040,-10.990,-4.580
23551,22.13,-6.31,52.25,2.680,-12.460,-3.800
23563,19.31,-6.12,52.25,3.650,-12.900,-3.450
23575,16.50,-6.00,52.31,5.810,-13.400,-2.470
23588,13.81,-5.87,52.44,6.470,-13.730,-1.730
23601,8.69,-5.62,52.69,9.810,-14.450,-0.740
23613,6.31,-5.56,52.88,12.700,-16.200,0.830
23625,4.06,-5.62,53.06,14.200,-16.570,1.040
23639,2.00,-5.75,53.13,15.440,-16.520,0.760
23651,358.56,-5.94,53.06,16.740,-14.850,-1.430
23663,357.19,-5.81,53.00,17.130,-14.460,-2.050
23675,355.94,-5.44,52.88,17.970,-14.270,-1.990
23689,354.87,-4.75,52.75,19.680,-14.690,-1.130
23701,352.50,-2.50,52.94,19.980,-14.480,-1.220
23714,351.44,-1.37,52.31,17.460,-15.370,0.940
23726,351.31,-0.88,52.13,21.420,-11.480,0.000
23739,351.44,-1.12,52.13,20.060,-12.290,0.320
23752,353.50,-3.56,51.37,17.640,-9.460,2.460
23764,354.44,-4.25,51.31,16.670,-9.470,1.630
23776,355.44,-4.62,51.31,16.650,-8.960,1.550
23790,356.69,-4.94,51.19,16.220,-8.820,1.060
23802,0.19,-5.44,51.00,12.680,-9.390,-0.120
23814,2.37,-5.50,50.88,11.350,-9.380,-0.640
23826,4.81,-5.44,50.69,9.480,-9.160,-1.430
23840,7.37,-5.37,50.50,8.600,-9.390,-1.680
23852,13.25,-5.62,50.38,6.650,-9.410,-1.860
23864,16.37,-5.81,50.50,3.380,-10.180,-2.330
23876,19.44,-5.94,50.75,1.640,-10.850,-2.330
23890,22.56,-6.12,51.13,-0.580,-11.640,-2.240
23902,28.62,-6.69,52.00,-7.800,-14.570,-1.700
23915,31.94,-6.94,52.56,-10.420,-15.730,-1.790
23927,35.31,-7.12,53.06,-13.080,-16.610,-1.810
23940,38.56,-7.31,53.50,-15.690,-17.190,-1.570
23953,43.69,-7.25,53.94,-16.360,-14.040,-0.060
23965,45.81,-7.50,54.25,-17.600,-12.760,0.870
23977,47.75,-7.94,54.69,-22.020,-12.120,2.010
23990,49.38,-8.50,55.25,-23.450,-12.400,2.760
24003,52.00,-9.38,56.13,-26.100,-11.870,3.670
24015,53.00,-9.44,56.25,-26.450,-11.400,3.870
24027,53.75,-9.38,56.19,-26.520,-10.590,4.340
24041,54.31,-9.13,56.00,-26.360,-10.010,5.020
24053,54.50,-8.81,55.50,-24.820,-8.450,5.580
24065,54.00,-8.75,55.19,-23.630,-8.040,5.490
24077,53.25,-8.81,54.88,-20.450,-7.210,5.010
24091,52.19,-8.88,54.56,-18.730,-7.020,4.740
24103,49.50,-8.69,53.56,-15.820,-6.810,4.170
24116,48.00,-8.38,53.00,-13.160,-6.650,4.320
24128,46.37,-8.06,52.44,-12.240,-6.680,4.400
24141,44.63,-7.75,51.81,-11.530,-7.060,4.350
24154,40.63,-7.31,50.63,-8.670,-7.860,2.990
24166,38.31,-7.12,50.00,-7.520,-8.000,2.430
24178,35.94,-7.06,49.44,-6.090,-7.900,1.970
24192,33.44,-7.00,48.94,-3.840,-7.160,1.840
24204,28.44,-7.12,48.25,-3.280,-7.810,1.890
24216,25.88,-7.19,48.00,-1.850,-9.430,2.130
24228,23.31,-7.25,47.75,-1.240,-10.130,2.130
24242,20.75,-7.31,47.56,-0.360,-10.480,1.970
24254,15.69,-7.44,47.00,1.770,-10.690,1.570
24266,13.31,-7.56,46.69,1.900,-10.690,1.390
24278,11.00,-7.62,46.37,2.290,-10.700,1.400
24292,8.69,-7.75,46.13,3.070,-10.700,1.550
24304,4.31,-8.06,45.69,5.440,-11.320,2.160
24317,2.25,-8.13,45.63,6.790,-11.970,2.960
24329,0.25,-8.25,45.56,9.200,-13.500,4.640
24342,358.19,-8.25,45.56,9.740,-14.300,4.700
24355,354.25,-8.06,45.19,10.320,-15.070,3.770
24367,352.31,-7.81,44.88,10.790,-15.030,2.760
24379,350.56,-7.44,44.50,11.540,-14.850,1.850
24393,349.12,-7.31,44.19,10.650,-14.170,1.400
24405,347.37,-7.75,43.31,10.120,-13.420,0.280
24417,346.81,-7.94,42.88,10.280,-13.140,0.440
24429,346.37,-8.06,42.50,10.610,-13.070,0.670
24443,346.13,-8.06,42.25,10.950,-12.930,1.690
24480,346.69,-8.19,41.88,9.000,-13.080,3.910
24493,347.19,-8.38,41.63,8.240,-12.400,2.990
24506,349.00,-8.94,41.31,6.150,-10.990,2.600
24518,350.25,-9.31,41.13,5.840,-10.940,2.830
24530,351.62,-9.69,40.94,5.610,-10.730,3.260
24543,353.12,-10.00,40.75,4.880,-10.690,3.610
24556,356.38,-10.50,40.50,2.800,-10.330,3.230
24568,358.13,-10.81,40.38,1.900,-9.910,2.980
24580,0.00,-11.19,40.25,1.290,-8.790,2.870
24594,1.87,-11.44,40.19,0.950,-8.550,2.770
24606,5.81,-11.56,40.12,0.670,-7.820,2.610
24618,7.87,-11.50,40.25,-0.960,-7.840,2.580
24630,10.13,-11.44,40.44,-2.120,-7.810,2.720
24644,12.50,-11.31,40.69,-2.890,-7.980,2.940
24656,17.44,-11.00,41.37,-6.340,-9.380,3.430
24668,19.87,-10.88,41.81,-7.690,-9.960,3.750
24680,22.25,-10.75,42.31,-8.390,-10.020,4.220
24694,24.56,-10.69,42.75,-9.490,-8.670,5.380
24707,28.87,-10.88,43.75,-12.710,-6.500,5.860
24719,30.94,-11.06,44.25,-16.150,-5.010,6.170
24731,32.94,-11.25,44.81,-17.560,-4.730,6.350
24744,34.75,-11.38,45.38,-19.030,-4.780,6.560
24757,38.06,-11.12,46.50,-22.690,-5.610,8.070
24769,39.38,-10.81,47.00,-23.550,-5.810,8.670
24781,40.44,-10.44,47.38,-23.970,-5.750,9.310
24794,41.19,-10.06,47.69,-24.480,-5.690,10.350
24807,41.63,-9.69,48.06,-24.750,-6.060,10.260
24819,41.31,-9.63,48.06,-23.800,-5.820,9.710
24831,40.50,-9.69,47.94,-20.520,-4.230,8.160
24845,39.44,-9.75,47.69,-18.660,-3.380,7.680
24858,36.69,-9.81,47.13,-15.340,-3.280,6.530
24870,35.06,-9.75,46.88,-14.520,-3.920,6.280
24882,33.31,-9.56,46.63,-13.620,-4.790,6.170
24895,31.44,-9.31,46.44,-12.800,-5.810,6.180
24908,27.19,-9.00,46.06,-9.720,-7.160,6.030
24920,24.81,-8.88,45.81,-8.940,-7.380,5.640
24932,22.37,-8.88,45.50,-8.340,-7.740,4.990
24945,19.87,-8.88,45.19,-6.750,-8.100,3.200
24958,14.94,-8.75,44.50,-5.410,-8.050,1.490
24970,12.56,-8.56,44.19,-3.940,-8.830,0.220
24982,10.19,-8.31,44.00,-2.400,-9.200,-0.020
24996,7.81,-8.00,43.87,-0.620,-9.510,0.020
25008,3.19,-7.25,43.94,2.990,-11.490,1.530
25020,1.00,-6.87,44.19,3.950,-12.210,2.200
25032,358.87,-6.62,44.44,5.140,-12.870,2.880
25046,356.75,-6.19,44.69,6.870,-13.980,3.200
25059,352.19,-4.69,45.12,7.590,-14.310,2.010
25071,350.06,-3.81,45.31,8.890,-14.460,1.140
25083,348.13,-3.19,45.56,10.440,-15.410,-1.180
25096,346.75,-3.06,45.75,10.550,-15.350,-1.110
25109,344.81,-2.94,45.88,10.850,-17.780,-1.320
25121,344.06,-2.81,45.94,11.310,-17.780,-1.130
25133,343.50,-2.69,45.94,11.740,-17.600,-1.190
25146,343.00,-2.56,45.94,12.300,-17.120,-1.220
25159,342.37,-2.56,45.81,12.470,-15.520,-0.620
25171,342.31,-2.69,45.75,12.260,-14.810,-0.380
25183,342.37,-2.75,45.69,11.530,-13.140,0.070
25196,342.56,-2.81,45.56,11.420,-12.600,0.270
25209,343.44,-2.94,45.38,11.250,-11.950,0.890
25221,344.13,-2.94,45.25,11.100,-11.570,2.240
25233,345.00,-3.12,44.94,10.350,-10.950,1.600
25247,346.00,-3.25,44.81,10.170,-11.380,1.660
25259,348.75,-3.94,44.63,8.870,-10.840,2.110
25271,350.38,-4.31,44.56,8.120,-10.860,2.020
25283,352.25,-4.75,44.44,6.890,-10.860,1.890
25297,354.38,-5.31,44.31,5.510,-10.090,1.680
25309,359.25,-7.00,44.19,4.620,-9.600,1.730
25322,1.94,-8.13,44.25,4.260,-9.520,1.580
25334,4.50,-8.88,44.38,2.180,-9.230,1.120
25347,7.06,-9.25,44.50,1.000,-9.120,1.000
25360,12.50,-9.81,44.88,-2.650,-10.020,0.380
25372,15.38,-10.06,45.19,-3.920,-10.260,0.510
25384,18.31,-10.25,45.56,-4.810,-10.600,0.870
25398,21.25,-10.44,46.00,-5.810,-11.140,1.160
25410,26.87,-10.88,47.06,-8.450,-11.490,2.030
25422,29.69,-11.25,47.69,-10.600,-11.030,1.980
25434,32.50,-11.56,48.25,-15.440,-9.110,2.630
25448,35.25,-11.88,48.81,-17.790,-8.520,3.230
25485,44.63,-11.63,50.19,-26.740,-8.300,4.260
25498,46.37,-11.38,50.38,-27.750,-8.370,4.500
25511,48.63,-11.00,50.63,-28.540,-7.630,6.360
25523,48.81,-11.06,50.75,-28.380,-7.420,6.890
25535,48.63,-11.06,50.75,-27.720,-7.280,7.270
25548,48.13,-11.12,50.63,-24.660,-6.810,7.550
25561,46.13,-11.06,50.00,-20.740,-6.190,7.150
25573,44.81,-11.00,49.56,-18.580,-5.780,6.950
25585,43.31,-10.88,49.06,-15.350,-5.370,6.610
25598,41.75,-10.69,48.63,-14.250,-5.360,6.440
25611,38.19,-10.50,47.69,-11.180,-5.580,5.250
25623,36.25,-10.38,47.25,-10.050,-5.870,4.960
25635,34.31,-10.19,46.88,-9.470,-6.260,4.620
25649,32.31,-10.00,46.50,-8.820,-6.670,4.000
25661,28.31,-9.31,45.75,-6.250,-9.320,2.100
25673,26.31,-8.88,45.31,-5.570,-10.290,1.640
25685,24.19,-8.38,44.88,-2.580,-10.840,1.610
25699,22.06,-7.87,44.38,-0.780,-10.410,1.570
25711,17.87,-6.94,43.50,2.220,-8.950,0.950
25724,15.88,-6.50,43.19,4.750,-8.040,1.210
25736,13.94,-6.12,43.13,6.310,-8.280,1.920
25749,12.19,-5.69,43.19,7.520,-8.940,2.780
25762,9.19,-5.00,43.63,7.840,-12.850,4.420
25774,7.94,-4.81,43.75,7.550,-13.610,4.380
25786,6.81,-4.62,43.69,7.250,-14.020,3.700
25799,5.56,-4.44,43.50,8.210,-13.850,1.890
25812,2.56,-2.62,43.13,11.100,-13.040,0.700
25824,1.00,-1.06,43.13,12.470,-12.770,-0.620
25836,359.87,0.06,43.19,11.750,-12.470,-1.640
25850,359.37,0.56,43.19,13.660,-13.260,-1.310
25862,358.50,0.81,43.19,11.840,-13.930,0.210
25874,358.25,0.94,43.19,12.410,-13.720,0.240
25886,358.13,1.06,43.19,12.650,-13.120,0.450
25900,358.06,1.06,43.19,13.110,-12.320,0.770
25912,358.38,0.75,43.13,13.070,-10.250,1.540
25925,358.69,0.31,43.13,13.080,-9.740,1.850
25937,359.19,-0.19,43.19,12.190,-8.990,2.120
25950,0.06,-1.06,43.13,11.170,-8.560,2.400
25963,2.31,-2.62,42.88,9.230,-7.670,2.410
25975,3.37,-2.75,43.00,9.220,-8.570,2.270
25987,4.69,-2.75,43.06,8.930,-8.470,2.300
26001,6.12,-2.75,43.19,8.730,-8.590,2.590
26013,9.56,-2.81,43.44,6.960,-9.190,3.080
26025,11.44,-2.94,43.63,6.690,-9.010,3.110
26037,13.44,-3.12,43.81,6.390,-8.760,3.090
26051,15.63,-3.56,44.06,4.780,-8.570,2.630
26063,20.50,-4.44,44.75,2.520,-8.950,2.580
26075,23.12,-4.62,45.12,-0.420,-10.110,2.810
26087,25.75,-4.75,45.56,-2.100,-10.860,3.070
26101,28.50,-4.94,46.00,-3.530,-11.610,3.460
26113,33.81,-5.25,46.75,-8.440,-13.060,3.530
26126,36.38,-5.50,47.06,-10.320,-13.000,3.300
26138,38.94,-5.69,47.31,-12.680,-12.530,3.110
26151,41.37,-5.94,47.62,-15.100,-11.990,3.330
26164,45.56,-6.87,48.50,-19.650,-10.270,5.150
26176,47.31,-7.69,49.00,-20.420,-9.940,5.600
26188,48.69,-8.13,49.31,-22.980,-9.490,5.510
26201,49.81,-8.50,49.50,-24.280,-9.220,5.400
26214,51.37,-8.88,49.63,-25.230,-8.770,5.230
26226,51.81,-8.88,49.56,-25.530,-8.500,6.120
26238,51.88,-8.75,49.38,-25.010,-8.080,6.630
26252,51.69,-8.69,49.13,-24.240,-7.460,7.000
26264,50.25,-8.75,48.56,-20.840,-6.200,7.330
26276,49.06,-8.94,48.25,-19.750,-5.960,7.020
26288,47.56,-9.13,47.88,-18.590,-5.770,6.450
26302,45.94,-9.25,47.38,-16.090,-5.420,5.410
26315,42.19,-9.25,46.44,-14.310,-5.340,4.370
26327,40.12,-9.19,45.94,-12.620,-5.680,3.730
26339,37.94,-9.06,45.44,-12.030,-6.340,3.640
26352,35.63,-8.88,45.00,-11.460,-7.240,3.520
26365,30.62,-8.56,44.25,-8.450,-9.400,2.600
26377,27.94,-8.50,43.94,-7.650,-9.810,1.880
26389,25.19,-8.44,43.56,-7.060,-9.940,1.070
26402,22.37,-8.38,43.25,-5.880,-10.570,-0.400
26415,16.81,-8.06,42.75,-3.660,-11.840,-1.150
26427,14.00,-7.81,42.50,-2.110,-12.430,-1.040
26439,11.25,-7.50,42.38,0.920,-13.330,-0.480
26453,8.56,-7.25,42.31,2.210,-13.440,-0.270
26490,358.44,-5.50,42.44,10.250,-13.930,1.050
26503,355.75,-4.31,42.62,12.120,-14.620,1.410
26516,350.87,-1.81,43.31,16.620,-16.220,2.140
26528,349.12,-1.25,43.50,17.210,-16.370,0.680
26540,347.88,-1.19,43.50,17.520,-16.140,0.890
26553,346.87,-1.25,43.50,16.750,-15.230,-0.330
26566,345.44,-1.06,43.31,16.760,-13.610,-0.710
26578,345.19,-0.94,43.25,16.490,-13.060,0.180
26590,345.06,-0.81,43.19,15.930,-12.770,0.480
26603,345.12,-0.81,43.25,15.290,-12.770,0.830
26616,345.81,-1.37,43.06,14.460,-11.650,1.670
26628,346.56,-2.00,42.94,13.620,-11.280,1.560
26640,347.56,-2.62,42.75,12.920,-10.970,1.550
26654,348.81,-3.37,42.56,11.290,-10.570,1.570
26666,351.50,-4.19,42.38,10.090,-10.220,1.660
26678,353.06,-4.19,42.38,10.070,-10.330,1.730
26690,354.75,-4.19,42.44,9.160,-11.110,2.050
26704,356.69,-4.19,42.44,8.090,-11.560,2.330
26717,1.12,-4.37,42.44,5.500,-11.450,2.120
26729,3.50,-4.69,42.38,4.910,-10.970,1.720
26741,6.00,-5.12,42.38,4.040,-10.450,1.320
26754,8.69,-5.50,42.31,3.250,-10.230,0.830
26767,14.19,-6.00,42.44,0.940,-11.300,0.770
26779,17.06,-6.19,42.56,0.190,-11.680,1.340
26791,20.06,-6.44,42.81,-2.930,-12.670,2.590
26804,23.12,-6.81,43.13,-5.010,-13.360,2.850
26817,29.31,-7.81,43.56,-8.530,-15.210,3.030
26829,32.31,-8.38,43.69,-13.700,-16.160,1.870
26841,35.44,-9.06,43.75,-16.820,-15.290,1.400
26855,38.50,-10.06,43.87,-19.430,-14.050,2.000
26867,43.56,-10.81,43.44,-24.490,-8.140,2.200
26879,45.56,-11.12,43.25,-25.300,-7.020,2.570
26891,47.25,-11.44,43.13,-26.550,-6.160,2.920
26905,48.50,-11.88,43.19,-28.120,-5.770,4.160
26918,49.94,-12.44,43.38,-27.410,-5.280,5.930
26930,50.19,-12.63,43.38,-26.680,-4.830,6.710
26942,50.19,-12.69,43.31,-25.640,-4.370,7.020
26955,49.88,-12.69,43.13,-24.520,-4.200,7.060
26968,48.44,-12.37,42.38,-19.420,-3.980,6.860
26980,47.31,-12.19,41.94,-18.050,-3.890,6.620
26992,45.94,-12.00,41.56,-16.520,-3.650,6.560
27005,44.31,-11.94,41.13,-15.230,-3.570,6.450
27018,40.63,-11.69,40.44,-12.210,-4.240,5.760
27030,38.63,-11.50,40.06,-11.540,-4.940,5.470
27042,36.56,-11.25,39.63,-9.960,-6.020,4.720
27056,34.44,-10.88,39.25,-8.960,-6.600,4.250
27068,30.12,-9.94,38.38,-8.170,-8.010,3.350
27080,27.94,-9.38,38.00,-7.030,-9.240,2.850
27092,25.69,-8.81,37.69,-6.260,-9.430,2.630
27106,23.44,-8.25,37.38,-5.250,-9.580,2.470
27118,18.75,-7.12,37.06,0.220,-9.110,3.000
27131,16.37,-6.75,37.13,1.980,-9.240,3.170
27143,14.00,-6.44,37.25,3.040,-9.630,3.230
27156,11.81,-6.25,37.44,4.010,-9.820,2.630
27169,7.94,-5.62,37.69,4.520,-9.300,0.890
27181,6.25,-5.12,37.75,5.600,-9.290,0.370
27193,4.62,-4.37,37.88,9.230,-10.340,1.460
27206,3.12,-3.56,38.13,10.740,-11.340,2.220
27219,0.06,-1.50,38.88,12.260,-13.740,3.220
27231,358.63,-0.75,39.31,13.030,-14.260,2.780
27243,357.56,-0.75,39.81,12.570,-14.990,2.600
27257,356.63,-0.94,40.25,13.040,-15.160,2.250
27269,354.87,-1.31,40.75,14.480,-13.700,0.910
27281,354.19,-1.25,40.94,14.450,-12.990,0.460
27293,353.56,-1.06,41.19,14.450,-12.220,0.500
27307,353.31,-1.00,41.37,14.470,-11.840,1.080
27320,353.44,-1.12,41.63,14.000,-11.730,2.000
27332,353.81,-1.50,41.69,13.570,-11.630,2.910
27344,354.25,-1.69,41.75,13.200,-11.520,2.630
27357,354.75,-1.81,41.81,12.640,-11.260,2.420
27370,356.19,-2.19,41.81,11.500,-10.140,1.790
27382,357.19,-2.37,41.88,10.790,-10.140,1.840
27394,358.31,-2.50,41.94,10.210,-10.200,1.990
27407,359.69,-2.69,42.06,9.780,-9.940,2.850
27420,2.87,-3.06,42.19,8.230,-9.970,2.610
27432,4.75,-3.25,42.31,7.550,-9.730,2.870
27444,6.75,-3.44,42.44,6.880,-9.750,2.900
27458,8.88,-3.69,42.56,6.090,-9.770,2.810
27495,19.19,-5.12,43.25,0.000,-10.670,1.700
27509,22.06,-5.31,43.50,-4.480,-11.320,1.660
27522,27.94,-5.56,44.25,-5.950,-11.830,2.190
27534,30.75,-5.75,44.75,-7.690,-12.580,2.620
27546,33.63,-5.94,45.31,-13.140,-14.210,3.040
27559,36.44,-6.25,45.88,-17.880,-13.790,3.960
27572,41.56,-6.87,46.88,-19.540,-13.120,4.260
27584,43.87,-7.25,47.19,-22.930,-10.710,3.910
27596,45.94,-7.62,47.50,-24.220,-9.310,3.930
27609,47.81,-8.06,47.88,-26.550,-8.930,4.140
27622,50.44,-8.31,48.38,-29.210,-9.290,5.010
27634,51.13,-8.38,48.56,-29.030,-9.410,5.650
27646,51.44,-8.44,48.75,-28.670,-9.370,6.120
27659,51.44,-8.44,48.87,-26.360,-9.130,7.280
27672,50.31,-8.44,48.69,-22.460,-7.590,7.660
27684,49.31,-8.44,48.38,-18.790,-5.440,7.010
27696,48.00,-8.50,48.00,-17.370,-4.970,6.680
27709,46.44,-8.56,47.62,-16.180,-4.890,6.380
27722,42.88,-8.75,46.81,-12.940,-5.390,4.850
27734,40.81,-8.81,46.37,-11.990,-5.580,4.260
27746,38.69,-8.81,46.00,-10.980,-5.890,3.690
27759,36.44,-8.75,45.63,-9.920,-6.360,3.260
27772,31.87,-8.31,44.88,-7.520,-8.250,2.790
27784,29.56,-8.00,44.56,-6.550,-8.890,2.640
27796,27.19,-7.69,44.19,-4.960,-10.140,1.860
27810,24.75,-7.31,43.81,-4.070,-10.260,1.380
27822,19.94,-6.62,43.25,-1.790,-10.150,1.080
27834,17.56,-6.31,43.06,0.760,-10.850,1.660
27846,15.19,-6.06,42.94,2.330,-10.990,1.880
27860,12.81,-5.87,42.88,3.850,-10.980,2.120
27872,8.38,-5.75,42.88,5.480,-9.990,1.420
27884,6.37,-5.69,42.88,6.510,-9.630,1.000
27896,4.56,-5.50,42.88,7.430,-9.760,0.440
27910,2.81,-5.06,42.88,10.260,-10.880,0.830
27923,359.12,-2.75,43.38,12.890,-13.360,1.450
27935,357.25,-1.25,43.75,15.090,-14.700,1.610
27947,355.94,-0.50,44.19,14.270,-14.590,1.370
27960,354.63,0.25,44.69,16.040,-15.240,0.180
27973,353.06,0.50,45.12,16.250,-14.120,0.280
27985,352.56,0.50,45.31,15.150,-14.090,0.150
27997,352.13,0.44,45.44,14.510,-13.970,0.230
28010,351.94,0.44,45.56,14.330,-13.750,1.070
28023,352.13,0.44,45.69,13.250,-13.310,1.780
28035,352.50,0.31,45.63,13.030,-13.090,2.140
28047,353.31,0.00,45.44,12.420,-12.860,2.930
28061,354.13,-0.44,45.19,11.690,-12.670,2.920
28073,356.38,-1.37,44.63,10.060,-12.300,3.410
28085,357.44,-1.50,44.50,8.290,-11.650,2.910
28097,358.63,-1.69,44.31,7.930,-11.120,3.050
28111,359.87,-1.87,44.19,8.080,-10.370,3.070
28123,2.87,-2.62,43.87,6.900,-8.720,3.000
28136,4.75,-3.25,43.75,6.170,-8.570,2.880
28148,6.87,-3.69,43.63,5.700,-8.280,2.210
28161,9.13,-3.75,43.50,3.240,-8.060,2.490
28174,14.06,-3.44,43.19,0.760,-8.620,2.620
28186,16.62,-3.25,43.13,0.190,-9.150,3.280
28198,19.12,-3.19,43.19,-0.820,-9.720,3.330
28212,21.62,-3.31,43.25,-1.790,-10.070,3.180
28224,26.25,-4.06,43.75,-3.530,-9.470,3.110
28236,28.62,-4.50,44.13,-4.660,-9.000,3.260
28248,31.12,-4.81,44.44,-6.490,-8.890,3.360
28262,33.69,-5.00,44.81,-10.170,-9.130,4.140
28274,38.94,-5.37,45.56,-13.720,-10.080,5.560
28286,41.25,-5.62,45.94,-16.340,-10.580,6.620
28298,43.13,-5.87,46.13,-20.150,-10.430,6.930
28312,44.56,-6.44,46.31,-21.820,-9.910,6.470
28324,46.37,-7.81,46.56,-24.900,-7.190,4.330
28337,47.00,-8.25,46.63,-25.830,-6.540,3.640
28349,47.50,-8.44,46.56,-26.700,-6.380,3.380
28362,47.81,-8.31,46.50,-27.430,-7.120,3.580
28375,47.50,-7.69,46.19,-25.520,-8.630,5.680
28387,46.75,-7.44,45.94,-23.900,-8.330,6.140
28399,45.63,-7.31,45.63,-20.260,-6.950,5.910
28413,44.25,-7.19,45.25,-18.610,-6.410,5.660
28425,40.81,-6.94,44.50,-15.250,-6.190,5.090
28437,38.88,-6.69,44.06,-12.070,-6.420,4.570
28449,36.81,-6.37,43.63,-10.770,-6.740,4.300
28463,34.63,-6.00,43.25,-9.430,-7.160,4.240
28500,25.31,-4.62,41.94,-4.380,-8.500,3.130
28513,22.87,-4.25,41.75,-2.350,-8.800,2.750
28526,18.00,-3.56,41.37,-0.180,-9.270,2.590
28538,15.63,-3.25,41.31,0.850,-9.080,2.560
28550,13.38,-2.94,41.31,2.360,-8.470,1.880
28563,11.19,-2.62,41.37,3.130,-8.230,1.410
28576,7.25,-1.87,41.81,6.420,-9.390,1.830
28588,5.50,-1.37,42.25,7.520,-10.270,2.490
28600,3.87,-0.81,42.62,8.320,-11.120,3.010
28614,2.37,-0.25,43.06,8.990,-11.740,3.110
28626,359.56,0.88,43.81,11.240,-12.380,2.380
28638,358.00,1.81,44.13,11.840,-12.770,2.010
28650,356.56,2.69,44.44,13.960,-13.450,1.550
28664,355.37,3.25,44.88,14.740,-13.850,1.870
28676,353.56,3.81,45.56,15.420,-14.620,1.660
28688,352.94,3.69,45.81,14.580,-14.430,1.000
28700,352.38,3.62,45.88,14.460,-14.020,0.730
28714,352.00,3.50,45.94,14.290,-13.520,0.530
28726,351.81,3.19,45.88,13.140,-12.170,0.310
28739,352.00,3.00,45.81,12.420,-11.680,0.350
28751,352.44,2.81,45.69,11.950,-11.040,0.560
28764,353.06,2.50,45.50,11.850,-10.300,1.250
28777,354.63,2.06,45.19,10.930,-9.900,1.560
28789,355.56,2.00,45.06,10.930,-9.910,1.740
28801,356.56,1.94,44.94,10.340,-9.500,1.680
28815,357.69,1.75,44.81,9.600,-9.310,1.740
28827,0.37,1.25,44.75,8.480,-8.640,1.970
28839,1.94,0.94,44.69,7.680,-8.580,2.020
28851,3.62,0.56,44.69,7.420,-8.330,2.110
28865,5.44,0.25,44.69,7.090,-8.440,2.270
28877,9.88,-0.37,44.69,4.040,-8.060,2.440
28889,12.37,-0.69,44.69,3.470,-7.990,2.540
28901,15.00,-1.00,44.81,0.470,-9.020,2.960
28915,17.62,-1.19,45.00,-1.270,-9.580,3.320
28927,22.94,-1.62,45.63,-3.740,-11.460,4.210
28940,25.56,-1.87,45.94,-7.190,-12.470,4.470
28952,28.19,-2.19,46.19,-9.580,-12.350,4.630
28965,30.69,-2.44,46.44,-11.470,-11.480,5.210
28978,35.25,-3.12,46.81,-17.550,-9.100,5.870
28990,37.13,-3.56,47.00,-19.190,-8.890,5.740
29002,38.75,-4.12,47.25,-20.660,-8.560,5.470
29016,40.31,-4.87,47.62,-23.670,-8.450,5.570
29028,42.75,-5.50,48.19,-26.840,-8.740,5.200
29040,43.56,-5.25,48.19,-28.050,-9.790,6.350
29052,44.13,-4.81,48.19,-28.150,-10.460,6.970
29066,44.25,-4.37,48.06,-27.950,-10.870,7.210
29078,43.25,-3.87,47.50,-22.610,-8.470,6.980
29090,42.06,-3.87,47.25,-20.470,-7.360,6.810
29102,40.56,-3.87,46.94,-18.310,-6.290,6.680
29116,38.88,-3.87,46.63,-16.380,-5.890,6.490
29129,35.13,-3.62,46.06,-12.340,-6.430,5.410
29141,33.19,-3.37,45.69,-11.100,-6.730,4.890
29153,31.12,-2.94,45.31,-8.170,-7.060,4.100
29166,29.00,-2.44,44.94,-6.920,-7.080,3.740
29179,24.56,-1.50,44.19,-5.020,-7.290,2.940
29191,22.19,-1.12,43.94,-3.030,-7.590,1.930
29203,19.75,-0.88,43.81,-1.890,-7.780,1.250
29217,17.31,-0.62,43.75,-0.660,-7.750,0.570
29229,12.37,-0.19,44.00,3.690,-8.520,0.440
29241,10.06,0.00,44.31,5.280,-9.070,0.960
29253,7.87,0.19,44.75,6.600,-9.910,1.720
29267,5.81,0.31,45.25,8.230,-11.510,3.140
29280,2.00,0.31,46.19,9.010,-12.630,2.800
29292,0.25,0.25,46.50,10.370,-12.800,1.230
29304,358.38,0.44,46.81,10.930,-12.470,-0.130
29317,356.38,1.06,47.19,11.840,-12.690,-1.060
29330,352.50,3.37,48.44,15.240,-15.040,-1.290
29342,351.69,4.00,49.00,16.680,-15.280,-0.190
29354,350.87,4.00,49.31,15.130,-15.610,-0.090
29367,350.25,3.87,49.56,14.160,-15.810,-0.580
29380,349.06,3.37,49.75,14.110,-14.840,-1.030
29392,348.81,3.19,49.75,14.430,-13.950,-0.870
29404,348.81,3.00,49.75,13.330,-12.480,-1.000
29418,349.00,2.75,49.69,12.880,-11.910,-0.800
29430,350.19,2.00,49.50,11.760,-11.610,0.580
29442,351.19,1.50,49.31,11.450,-11.510,1.270
29454,352.44,1.00,49.06,11.180,-11.770,2.430
29468,353.69,0.62,48.81,10.100,-11.420,1.950
29505,358.94,0.31,48.38,8.670,-9.540,2.520
29518,0.69,0.06,48.25,7.280,-8.880,2.390
29531,4.69,-0.50,47.94,5.550,-8.170,1.680
29543,7.06,-0.81,47.75,2.800,-7.500,1.120
29556,9.50,-0.88,47.56,1.560,-7.370,1.110
29569,12.06,-0.81,47.44,-0.680,-7.800,1.420
29582,17.19,-0.62,47.50,-3.150,-9.050,1.990
29594,19.75,-0.69,47.75,-4.580,-9.910,2.300
29606,22.13,-0.94,48.13,-5.910,-10.400,2.660
29619,24.37,-1.31,48.50,-7.580,-9.500,3.330
29632,28.87,-2.19,49.38,-11.840,-8.120,4.170
29644,31.25,-2.56,49.81,-14.620,-8.410,4.730
29656,33.50,-2.81,50.31,-18.010,-9.290,6.240
29669,35.56,-3.19,50.81,-18.470,-9.520,6.760
29682,38.75,-3.81,51.44,-22.360,-8.430,5.760
29694,39.81,-4.00,51.63,-22.860,-8.260,5.640
29706,40.63,-4.19,51.75,-23.420,-8.280,5.710
29719,41.25,-4.31,51.94,-24.500,-8.550,5.840
29732,41.75,-4.31,52.31,-24.280,-9.580,7.080
29744,41.50,-4.25,52.38,-22.990,-9.270,7.360
29756,40.88,-4.19,52.31,-20.050,-8.760,8.020
29769,40.00,-4.19,52.25,-18.500,-8.730,8.090
29782,37.50,-4.06,51.88,-15.200,-8.180,8.180
29794,35.94,-4.00,51.56,-12.740,-8.330,7.550
29806,34.25,-3.94,51.25,-11.450,-8.310,7.230
29820,32.44,-3.94,50.94,-10.280,-8.260,6.870
29832,28.50,-3.81,50.12,-7.740,-8.050,5.320
29844,26.44,-3.69,49.69,-6.990,-8.010,4.800
29856,24.37,-3.56,49.25,-6.540,-8.300,4.170
29870,22.19,-3.37,48.87,-5.230,-8.970,2.920
29883,17.81,-2.94,48.06,-3.310,-9.510,1.990
29895,15.56,-2.69,47.69,-2.100,-9.440,1.560
29907,13.31,-2.37,47.44,0.190,-9.000,0.520
29920,11.12,-2.12,47.19,1.190,-8.900,0.110
29933,7.00,-1.62,47.00,4.630,-8.430,-0.630
29945,5.06,-1.31,47.13,5.460,-9.150,-0.600
29957,3.25,-1.00,47.38,6.160,-10.430,0.270
29970,1.50,-0.56,47.81,7.270,-11.560,1.460
29983,358.19,0.06,48.50,10.190,-13.280,2.090
29995,356.56,0.44,48.75,10.630,-13.460,1.260
30007,354.69,1.12,48.87,11.520,-13.300,-0.380
30021,353.06,1.69,49.13,11.870,-13.530,-1.020
30033,350.31,2.50,49.63,13.430,-13.830,-1.390
30045,349.19,2.94,49.94,13.580,-14.270,-1.310
30057,348.19,3.31,50.25,13.850,-14.440,-1.550
30071,347.63,3.44,50.38,13.670,-14.180,-0.910
30084,347.25,2.87,50.25,12.830,-13.550,-0.050
30096,347.37,2.50,50.12,12.710,-13.100,0.120
30108,347.56,2.12,50.00,12.650,-12.310,0.400
30121,347.88,1.81,49.88,12.130,-10.780,0.290
30134,349.12,1.12,49.44,10.430,-9.970,0.660
30146,350.19,0.50,49.06,10.090,-10.210,0.880
30158,351.25,0.19,48.69,8.140,-9.610,1.100
30172,352.31,0.19,48.56,7.720,-9.640,1.680
30184,354.38,0.19,48.38,8.200,-9.100,3.140
30196,355.62,0.00,48.31,7.500,-8.790,3.460
30208,356.94,-0.25,48.31,6.660,-8.640,3.440
30222,358.44,-0.62,48.25,5.930,-8.680,3.190
30234,1.94,-1.62,48.25,2.970,-8.270,3.670
30246,3.87,-1.94,48.19,2.150,-8.600,3.900
30258,5.81,-2.25,48.13,0.460,-8.510,3.630
30272,7.94,-2.50,48.06,-0.680,-8.640,3.160
30284,12.37,-3.06,48.00,-3.320,-9.900,2.670
30297,14.63,-3.37,48.00,-4.820,-10.690,2.940
30309,16.75,-3.75,48.06,-4.850,-10.670,2.970
30322,18.75,-4.12,48.06,-5.200,-10.000,3.080
30335,22.69,-5.00,48.19,-8.210,-8.480,2.980
30347,24.63,-5.44,48.31,-8.790,-8.720,3.120
30359,26.50,-5.81,48.44,-9.260,-9.110,3.250
30373,28.31,-6.12,48.50,-9.670,-10.200,3.720
30385,31.50,-6.44,48.50,-9.320,-10.680,4.300
30397,32.94,-6.56,48.31,-9.070,-9.640,4.590
30409,34.13,-6.69,48.06,-8.990,-9.480,4.920
30423,35.19,-6.87,47.69,-9.050,-9.240,5.230
30435,36.56,-7.69,46.63,-7.900,-8.240,6.200
30447,36.94,-8.31,46.06,-6.220,-8.460,6.760
30459,37.31,-9.25,45.00,-3.160,-6.730,7.950
30473,37.69,-10.19,43.94,-5.810,-7.160,7.430
30510,38.44,-13.56,38.25,-6.780,-1.300,4.450
30523,38.88,-14.25,37.00,-7.560,-2.820,5.870
30536,39.00,-15.00,35.44,-8.170,-3.910,9.990
30548,38.88,-15.13,33.81,-7.210,-4.140,7.870
30560,38.69,-15.19,32.13,-6.700,-2.310,7.790
30574,38.50,-15.19,30.50,-6.390,-2.840,7.780
30586,38.19,-15.19,27.62,-5.350,-1.660,8.300
30598,38.13,-15.19,26.50,-5.170,-1.900,8.440
30610,38.06,-15.13,25.44,-5.170,-1.990,8.730
30624,38.06,-15.00,24.50,-5.390,-2.150,9.030
30636,38.13,-14.44,22.50,-5.210,-2.190,8.440
30648,38.25,-14.13,21.56,-4.720,-1.800,8.330
30660,38.38,-14.06,20.75,-4.610,-1.580,8.570
30674,38.38,-14.00,20.00,-4.480,-1.780,8.840
30687,38.38,-13.75,18.75,-3.690,-2.330,9.830
30699,38.31,-13.69,18.12,-3.470,-2.390,9.780
30711,38.31,-13.62,17.56,-3.350,-2.610,9.840
30724,38.31,-13.56,17.06,-3.100,-2.760,10.120
30737,38.31,-13.75,16.06,-2.700,-3.580,11.640
30749,38.38,-13.81,15.38,-2.660,-3.640,11.630
30761,38.44,-13.94,14.63,-2.520,-2.890,10.280
30775,38.56,-14.06,13.88,-2.370,-2.490,9.510
30787,38.94,-14.44,12.69,-2.200,-2.010,8.630
30799,39.19,-14.69,12.31,-2.160,-1.920,8.460
30811,39.50,-15.00,12.13,-2.280,-2.100,8.500
30825,39.88,-15.19,12.00,-2.480,-2.250,8.640
30837,40.75,-15.44,11.81,-3.120,-2.220,8.810
30849,41.00,-15.56,11.69,-2.860,-2.150,9.040
30861,41.25,-15.81,11.50,-2.710,-2.310,9.120
30875,41.31,-16.12,11.25,-3.110,-2.190,9.210
30887,41.44,-16.94,10.75,-3.460,-1.750,9.030
30900,41.50,-17.31,10.50,-3.190,-1.340,8.680
30912,41.63,-17.62,10.31,-3.180,-1.140,8.390
30925,41.81,-17.81,10.19,-3.580,-1.340,8.470
30938,42.31,-18.19,10.31,-4.050,-1.990,9.450
30950,42.56,-18.37,10.44,-4.590,-2.040,9.690
30962,42.81,-18.56,10.44,-4.770,-1.940,9.810
30976,42.94,-18.62,10.50,-4.350,-2.460,9.880
30988,43.19,-18.94,10.69,-4.250,-2.610,10.210
31000,43.25,-19.12,10.75,-4.730,-2.930,10.240
31012,43.31,-19.37,10.88,-4.640,-2.350,9.800
31026,43.25,-19.56,10.88,-4.520,-2.120,9.320
31039,42.94,-19.81,10.81,-3.030,-1.230,8.140
31051,42.81,-19.87,10.81,-2.580,-1.120,8.270
31063,42.75,-19.87,10.88,-2.170,-1.280,8.170
31076,42.81,-19.87,11.00,-2.730,-1.640,8.070
31089,43.13,-19.87,11.44,-3.500,-2.350,8.710
31101,43.25,-19.94,11.69,-3.320,-2.210,9.010
31113,43.38,-19.94,11.81,-3.220,-2.330,9.250
31126,43.50,-20.00,11.94,-2.820,-2.190,9.160
31139,43.81,-20.31,11.88,-3.270,-1.470,8.090
31151,44.00,-20.50,11.88,-3.530,-0.980,7.580
31163,44.13,-20.75,12.00,-3.840,-1.100,7.610
31177,44.25,-20.94,12.25,-4.000,-0.890,7.740
31189,44.63,-21.00,12.88,-4.490,-1.370,8.800
31201,44.94,-20.81,13.25,-4.810,-2.260,9.240
31213,45.25,-20.62,13.62,-5.070,-2.520,9.920
31227,45.56,-20.44,14.00,-6.460,-3.760,11.370
31239,45.88,-19.81,14.50,-5.110,-4.820,13.450
31251,45.88,-19.44,14.38,-4.440,-3.980,11.930
31263,45.75,-19.12,14.00,-2.930,-1.810,9.160
31277,45.69,-19.00,13.56,-3.010,-1.710,8.310
31289,45.63,-19.06,13.19,-2.850,-1.750,8.220
31302,45.63,-19.12,13.19,-3.120,-2.240,8.670
31314,45.75,-19.19,13.25,-3.750,-2.550,8.740
31327,45.88,-19.19,13.31,-4.460,-2.540,8.570
31340,46.19,-18.75,13.31,-4.910,-2.230,8.280
31352,46.25,-18.31,13.38,-4.320,-2.270,8.680
31364,46.31,-17.81,13.50,-3.580,-2.450,9.560
31378,46.37,-17.37,13.62,-3.610,-2.510,9.890
31390,46.50,-16.75,13.75,-3.510,-2.560,10.160
31402,46.50,-16.44,13.75,-3.220,-2.190,9.710
31414,46.56,-16.19,13.75,-3.330,-2.090,9.520
31428,46.63,-15.94,13.69,-3.650,-2.160,9.640
31441,46.69,-15.75,13.75,-4.850,-2.550,10.250
31453,46.69,-15.69,13.69,-4.880,-2.470,10.250
31465,46.63,-15.63,13.56,-4.980,-2.280,10.050
31478,46.50,-15.63,13.44,-5.010,-2.020,9.750
31515,45.75,-16.31,13.00,-6.340,-2.290,8.840
31529,45.44,-16.62,13.00,-6.480,-2.200,8.510
31541,44.63,-17.31,12.94,-6.700,-2.100,7.400
31553,44.13,-17.62,12.94,-6.740,-1.860,7.000
31565,43.50,-17.94,13.00,-6.710,-1.600,6.590
31579,42.88,-18.25,13.06,-6.620,-1.370,6.290
31591,41.25,-18.75,13.31,-5.710,-0.860,5.630
31604,40.31,-18.94,13.56,-5.360,-0.830,5.520
31616,39.31,-19.19,13.81,-4.780,-1.030,5.670
31629,38.19,-19.37,14.13,-4.410,-1.190,5.740
31642,35.88,-19.62,14.81,-3.940,-1.640,5.920
31654,34.63,-19.75,15.25,-3.130,-2.200,6.390
31666,33.31,-19.94,15.81,-2.680,-2.450,6.700
31679,31.94,-20.12,16.37,-2.250,-2.620,6.960
31692,29.19,-20.56,17.62,-1.170,-3.190,7.700
31704,28.00,-20.94,18.25,-1.110,-3.240,7.790
31716,26.81,-21.37,18.87,-1.180,-3.260,7.870
31729,25.81,-21.87,19.56,-1.260,-3.690,8.360
31742,23.94,-23.31,20.94,-1.760,-4.670,9.210
31754,23.06,-24.00,21.56,-2.110,-4.850,9.190
31766,22.25,-24.50,22.13,-3.070,-4.770,8.550
31780,21.37,-24.87,22.56,-3.030,-4.550,8.370
31792,19.50,-25.31,23.19,-1.590,-4.230,7.720
31804,18.56,-25.37,23.44,-0.770,-4.500,7.940
31816,17.75,-25.44,23.87,-0.100,-4.620,8.150
31830,17.25,-25.37,24.44,0.040,-4.690,8.230
31843,17.06,-25.19,26.06,0.060,-4.670,7.370
31855,17.31,-25.00,27.06,-0.600,-5.330,6.490
31867,17.87,-24.69,28.38,-2.280,-7.600,9.070
31880,18.75,-24.06,30.00,-11.420,-15.170,23.290
31893,18.94,-22.50,30.19,3.080,-9.930,9.470
31905,19.31,-21.87,29.81,-4.540,-2.300,5.590
31917,19.69,-21.37,29.87,-6.730,-5.250,6.630
31930,20.06,-21.94,30.00,-5.750,-5.130,7.380
31943,20.25,-22.94,30.56,-3.840,-5.220,7.560
31955,20.25,-22.87,30.88,-4.680,-4.740,7.960
31967,20.12,-22.69,31.06,-3.420,-4.390,7.910
31981,20.00,-22.50,31.19,-3.940,-4.080,8.130
31993,19.75,-22.37,31.12,-3.440,-4.270,8.010
32005,19.62,-22.31,30.88,-5.050,-5.380,7.900
32017,19.44,-22.31,30.69,-4.390,-5.350,8.020
32031,19.25,-22.25,30.56,-4.060,-4.900,7.450
32043,18.87,-22.13,30.19,-2.930,-4.730,8.050
32056,18.62,-22.00,30.12,-2.980,-4.600,8.190
32068,18.50,-21.94,30.12,-3.400,-4.220,8.100
32081,18.37,-21.94,30.12,-3.590,-4.490,8.470
32094,18.25,-22.13,30.25,-3.930,-4.420,8.770
32106,18.19,-22.19,30.25,-3.560,-4.550,8.570
32118,18.12,-22.37,30.25,-3.470,-4.520,8.340
32132,18.06,-22.56,30.31,-3.560,-4.490,8.260
32144,17.87,-23.12,30.50,-3.990,-4.380,7.770
32156,17.87,-23.38,30.62,-4.880,-4.420,7.250
32168,17.87,-23.50,30.75,-5.000,-4.560,7.530
32182,17.87,-23.62,30.94,-5.190,-4.680,7.670
32194,18.12,-23.69,31.06,-4.630,-4.710,7.620
32206,18.25,-23.56,31.12,-4.230,-4.790,7.690
32218,18.37,-23.50,31.12,-3.530,-4.810,7.900
32232,18.50,-23.38,31.06,-2.900,-4.810,7.900
32244,18.56,-23.50,30.94,-2.960,-4.890,7.710
32257,18.62,-23.75,30.81,-3.760,-4.790,7.490
32269,18.56,-23.94,30.69,-3.450,-4.790,7.540
32282,18.50,-24.19,30.50,-3.100,-4.880,7.610
32295,18.25,-24.69,30.37,-4.060,-4.670,7.710
32307,18.12,-25.06,30.37,-4.570,-4.510,7.560
32319,18.06,-25.56,30.31,-4.830,-4.520,7.450
32333,18.06,-26.00,30.31,-5.730,-4.440,7.100
32345,18.00,-26.50,30.12,-5.780,-4.480,7.370
32357,18.00,-26.56,29.94,-5.550,-4.320,7.640
32369,18.06,-26.50,29.69,-4.750,-4.350,7.680
