230654,359.25,-21.19,28.50,-3.550,-4.270,8.080
230666,359.00,-20.94,28.19,-3.270,-4.480,8.140
230679,358.94,-20.75,28.06,-3.520,-4.560,8.290
230691,358.94,-20.50,27.94,-3.920,-4.350,8.220
230705,358.87,-20.25,27.81,-4.120,-4.060,8.110
230717,358.75,-19.81,27.62,-2.650,-3.590,7.970
230729,358.94,-19.44,27.62,-0.830,-3.960,8.570
230741,359.19,-19.00,27.50,-1.630,-4.270,7.900
230755,359.37,-18.50,27.44,-1.670,-4.920,9.040
230767,359.81,-17.31,27.13,-1.780,-5.330,8.450
230779,0.13,-16.69,26.94,-1.600,-5.960,8.010
230791,0.50,-16.00,26.75,-0.870,-6.060,7.630
230805,1.06,-15.38,26.69,-0.250,-6.220,7.030
230817,2.44,-13.88,26.94,-1.010,-5.990,7.020
230829,3.12,-13.13,27.06,-0.870,-6.020,6.700
230841,3.94,-12.37,27.25,-2.070,-5.670,8.470
230855,4.50,-11.81,27.31,-2.100,-5.610,7.200
230867,5.25,-10.94,27.13,-2.430,-3.080,8.350
230880,5.56,-10.50,27.00,-0.570,-2.820,8.920
230892,5.69,-10.06,26.81,-3.270,0.020,9.960
230906,5.50,-9.69,26.50,-3.920,0.120,11.140
230918,4.69,-8.75,25.88,-2.660,1.000,10.960
230930,4.06,-8.31,25.56,-3.280,1.800,10.570
230942,3.31,-8.00,25.25,-2.660,1.720,9.330
230956,2.50,-7.75,25.00,-2.340,1.390,8.900
230968,1.06,-7.50,24.75,-0.970,0.640,9.080
230980,0.44,-7.50,24.44,-2.340,-0.390,8.380
231017,357.87,-7.44,24.12,0.640,-9.410,8.740
231029,356.25,-7.62,23.94,1.730,-11.170,9.790
231041,355.75,-7.62,23.75,2.240,-10.540,10.500
231055,355.56,-7.62,23.31,2.260,-9.590,9.770
231068,355.56,-7.44,22.62,0.900,-10.950,6.680
231080,355.56,-6.81,21.62,0.170,-7.490,6.280
231092,355.37,-6.44,21.19,0.900,-9.000,5.450
231106,355.19,-6.00,20.94,0.390,-5.580,6.030
231118,355.50,-5.44,20.62,-0.640,-3.560,9.690
231131,355.56,-5.50,20.50,-3.700,-0.930,8.660
231143,355.50,-5.69,20.50,-4.320,2.200,10.810
231157,355.19,-5.94,20.50,-2.720,1.550,11.580
231169,354.13,-6.37,20.56,-4.010,4.710,11.420
231181,353.50,-6.44,20.69,-2.600,4.890,10.920
231193,352.81,-6.50,20.81,-2.320,4.530,10.820
231207,352.00,-6.37,21.06,-1.140,3.940,10.420
231219,350.69,-5.94,21.75,-1.600,2.020,11.660
231231,349.94,-5.94,21.75,-1.440,2.370,8.320
231243,349.06,-6.06,21.69,-0.620,0.580,7.070
231257,348.00,-6.31,21.75,-1.780,-4.420,6.740
231269,345.63,-7.00,22.06,1.060,-9.930,7.790
231281,344.75,-7.50,22.31,1.660,-13.650,9.690
231293,344.13,-7.87,22.44,1.750,-14.140,10.170
231307,343.75,-8.25,22.19,0.870,-13.200,10.580
231319,343.75,-8.44,21.00,-1.560,-12.240,5.290
231332,343.63,-8.25,20.62,-1.640,-8.820,4.230
231344,343.56,-7.94,20.25,0.140,-6.330,8.440
231358,343.88,-7.62,19.87,0.600,-4.500,8.480
231370,344.69,-7.56,19.50,-3.820,2.040,8.840
231382,344.81,-7.75,19.50,-3.890,3.250,11.370
231394,344.75,-8.00,19.50,-4.600,6.430,9.290
231408,344.31,-8.25,19.62,-3.120,7.950,11.480
231420,344.00,-8.31,20.06,-2.240,6.970,11.460
231432,343.94,-8.13,20.44,-2.440,6.400,9.880
231444,343.75,-7.87,20.88,-3.210,5.750,9.090
231458,343.37,-7.56,21.31,-3.100,5.230,10.260
231470,342.62,-7.44,21.69,-1.940,-2.290,8.090
231482,341.88,-7.50,21.87,-2.200,-3.930,7.370
231494,340.87,-7.75,22.19,-2.000,-6.810,8.200
231508,339.69,-8.00,22.50,0.380,-12.310,8.580
231520,337.38,-8.88,23.25,0.820,-15.910,11.300
231532,336.62,-9.25,23.25,0.610,-14.280,11.770
231544,336.37,-9.44,22.87,1.070,-15.010,11.380
231558,336.37,-9.44,22.19,1.020,-13.890,9.050
231570,336.37,-9.00,20.88,-0.190,-5.820,4.650
231583,336.37,-8.56,20.31,2.270,-4.270,7.680
231595,336.75,-8.13,19.87,1.790,-2.110,6.890
231609,337.25,-7.94,19.62,-3.210,0.600,9.160
231621,337.88,-8.13,19.44,-3.600,3.750,11.520
231633,337.88,-8.38,19.44,-4.250,4.850,10.670
231645,337.75,-8.69,19.31,-2.570,6.240,10.670
231659,337.56,-8.81,19.31,-1.910,6.120,10.690
231671,337.00,-8.88,19.62,-3.930,5.590,10.640
231683,336.56,-8.94,19.81,-2.180,4.840,7.940
231695,336.06,-8.94,20.19,-2.350,4.230,10.110
231709,335.50,-9.06,20.50,-2.250,2.300,9.990
231721,333.87,-9.63,21.19,-3.040,-5.160,8.340
231733,332.56,-10.13,21.62,-2.670,-6.730,7.680
231745,331.00,-10.81,22.06,-2.580,-8.690,8.090
231759,329.31,-11.63,22.37,-2.160,-11.420,8.920
231771,326.00,-13.38,22.31,2.740,-12.330,7.990
231784,324.94,-13.94,22.25,0.560,-12.230,9.250
231796,324.37,-14.31,22.00,-0.930,-12.960,7.820
231810,324.25,-14.56,21.62,-1.370,-12.420,5.690
231822,324.69,-14.31,20.94,-1.930,-7.520,3.980
231834,325.06,-14.06,20.44,0.680,-7.260,5.750
231846,325.75,-13.56,20.06,-0.290,-6.300,7.240
231860,326.81,-13.19,19.87,-3.490,-3.760,8.520
231872,328.75,-12.94,19.81,-5.790,-1.600,9.620
231884,329.38,-12.94,19.81,-6.480,0.690,11.270
231896,329.75,-13.06,19.81,-5.260,2.800,13.140
231910,329.87,-13.25,19.75,-5.160,5.210,11.780
231922,329.44,-13.38,19.50,-2.790,8.660,10.110
231934,329.25,-13.19,19.50,-3.360,7.820,12.620
231946,329.13,-12.94,19.62,-3.060,6.870,10.530
231960,329.06,-12.75,19.87,-1.790,6.630,8.190
231972,329.13,-12.19,20.44,-2.670,0.030,8.920
231985,328.88,-12.00,20.62,-1.920,-1.780,7.100
232022,326.75,-13.13,21.56,-1.390,-12.270,9.170
232034,325.06,-14.81,22.06,1.410,-15.270,9.760
232046,324.62,-15.31,22.25,1.150,-15.320,11.090
232060,324.94,-15.50,22.37,-0.380,-14.360,10.190
232073,325.50,-15.38,22.06,-0.740,-12.370,6.870
232085,327.13,-14.44,21.25,-1.400,-9.180,3.830
232097,327.50,-13.75,20.62,0.560,-7.680,4.400
232111,328.37,-12.88,20.31,-1.120,-5.340,8.040
232123,330.94,-11.63,20.25,-5.280,-1.570,8.890
232135,331.87,-11.25,20.37,-6.060,0.350,10.680
232147,332.56,-11.06,20.44,-6.800,4.690,10.410
232161,333.06,-11.06,20.44,-5.500,6.040,10.180
232173,333.81,-11.12,20.56,-2.290,7.620,9.050
232185,334.19,-10.88,20.69,-1.430,6.410,11.270
232197,334.69,-10.44,20.94,-2.080,5.700,10.190
232211,335.25,-10.25,21.19,-2.420,4.730,8.610
232223,336.31,-9.69,21.62,-1.530,-0.700,8.700
232236,336.69,-9.56,21.75,-1.790,-3.280,8.160
232248,336.94,-9.63,21.94,-1.830,-6.590,8.430
232262,337.06,-9.88,22.19,0.160,-12.330,9.670
232274,337.38,-10.75,22.69,1.680,-16.690,11.380
232286,337.81,-11.12,22.87,1.470,-16.340,12.080
232298,338.44,-11.25,22.69,2.740,-16.590,11.530
232312,339.38,-11.00,22.19,3.280,-16.100,10.520
232324,341.12,-10.00,21.37,-1.850,-7.180,6.460
232336,341.06,-9.50,21.00,2.420,-4.290,9.220
232348,341.44,-9.06,20.75,2.260,-1.970,8.310
232362,342.00,-8.81,20.69,-2.710,0.350,10.900
232374,342.62,-8.81,20.75,-3.360,4.750,9.040
232386,342.50,-8.88,20.56,-1.860,7.320,7.900
232398,342.37,-8.75,20.37,-0.030,7.550,8.560
232412,342.44,-8.44,20.44,-1.540,7.650,8.560
232424,342.81,-7.87,20.75,-1.710,4.290,6.830
232437,343.12,-7.62,20.94,-2.800,1.370,6.990
232449,343.37,-7.44,21.00,-3.150,-0.320,7.120
232463,343.56,-7.25,21.12,-3.490,-4.620,7.920
232475,343.69,-7.19,21.31,-2.250,-12.460,9.210
232487,343.81,-7.31,21.44,-0.580,-14.350,8.980
232499,344.00,-7.50,21.50,0.310,-16.250,9.920
232513,344.56,-7.44,21.44,-0.320,-15.890,12.840
232525,346.56,-6.56,20.50,0.910,-16.880,12.530
232537,347.75,-5.94,19.81,-4.070,-11.060,4.910
232549,348.50,-5.25,19.25,1.230,-6.990,2.080
232563,348.56,-4.31,18.69,3.900,-4.590,9.220
232575,349.94,-2.31,18.31,-0.540,-0.240,11.910
232587,350.75,-1.87,18.31,-1.160,1.140,12.980
232599,351.31,-1.56,18.37,-0.510,3.480,12.430
232613,351.75,-1.37,18.44,-0.340,7.040,9.540
232625,352.00,-0.62,18.62,0.760,6.960,11.260
232638,352.13,-0.31,18.75,0.570,6.810,8.270
232650,352.13,-0.13,18.87,2.420,5.970,6.010
232664,352.00,0.00,19.00,2.810,5.710,4.190
232676,351.69,0.50,19.37,-0.320,-3.740,6.760
232688,351.25,0.50,19.62,-0.070,-5.840,6.940
232700,350.75,0.06,19.81,1.250,-8.590,6.880
232714,350.31,-0.44,20.06,2.400,-10.900,7.610
232726,350.13,-1.44,20.37,1.810,-12.180,10.580
232738,350.25,-1.75,20.19,2.420,-14.910,11.470
232750,350.44,-1.87,19.69,1.270,-14.100,9.950
232764,350.56,-1.81,19.25,1.190,-7.960,1.990
232776,350.38,-1.06,18.56,1.520,-5.510,9.120
232788,350.50,-0.75,18.44,-0.440,-1.930,7.730
232800,350.75,-0.75,18.31,-2.150,-0.450,9.340
232814,350.87,-1.06,18.31,-2.030,2.440,10.300
232826,350.50,-2.00,18.50,-1.820,5.900,11.830
232838,350.13,-2.37,18.69,0.090,4.670,12.940
232850,349.75,-2.69,18.94,-0.200,5.460,13.340
232864,349.37,-3.00,19.25,-1.270,5.180,9.640
232876,348.13,-3.37,19.87,0.610,4.760,10.580
232889,347.37,-3.56,20.25,-0.060,2.540,10.620
232901,346.44,-3.94,20.44,-1.770,-1.680,8.590
232915,345.25,-4.56,20.69,-2.290,-4.710,8.400
232927,342.00,-6.06,21.19,-0.330,-12.020,8.560
232939,340.19,-6.87,21.44,-1.010,-13.220,10.150
232951,339.19,-7.37,21.69,0.480,-15.810,10.520
232965,338.12,-7.87,21.94,0.690,-15.330,10.720
232977,337.75,-7.87,21.06,0.700,-11.960,8.290
232989,337.94,-7.62,20.62,-0.250,-10.470,7.340
233026,338.56,-6.75,19.87,-0.960,0.990,7.830
233038,339.19,-6.81,19.81,-2.140,3.160,10.980
233050,339.19,-7.00,19.75,-1.780,5.600,10.770
233064,339.06,-7.19,19.69,-2.420,6.140,10.760
233077,338.69,-7.44,19.62,-0.990,6.590,10.990
233089,338.00,-8.06,19.69,-2.100,5.910,8.970
233101,337.44,-8.63,19.75,-2.590,5.450,7.020
233115,336.75,-9.06,20.00,-3.130,4.190,9.110
233127,335.94,-9.63,20.31,-2.750,0.990,11.330
233140,333.69,-11.06,20.94,-4.460,-1.590,10.320
233152,331.87,-12.19,21.19,-5.030,-3.730,9.570
233166,329.75,-13.50,21.25,-4.420,-4.780,8.580
233178,325.69,-16.31,21.31,-2.810,-6.960,8.350
233190,323.81,-17.75,21.25,-3.010,-9.960,7.020
233202,322.12,-19.12,21.31,-2.860,-8.350,7.190
233216,320.94,-20.44,21.31,-2.240,-11.310,8.310
233228,319.50,-22.44,21.31,-3.950,-13.450,9.020
233240,319.50,-23.12,21.12,-4.750,-14.540,9.190
233252,319.81,-23.50,20.88,-5.180,-15.310,7.740
233266,320.44,-23.44,20.69,-5.100,-14.700,7.090
233278,322.19,-22.56,20.06,-3.370,-12.020,9.310
233291,323.62,-22.00,19.81,-3.940,-8.430,10.320
233303,325.13,-21.44,19.62,-4.840,-5.590,10.800
233317,326.56,-20.88,19.44,-5.960,-3.700,13.040
233329,329.31,-20.00,19.06,-7.640,2.210,12.950
233341,330.19,-19.75,18.81,-7.810,5.670,9.070
233353,330.81,-19.56,18.69,-7.820,7.760,8.960
233367,331.25,-19.25,18.56,-3.840,13.440,6.510
233379,332.25,-18.06,18.62,-0.840,12.770,10.320
233391,333.00,-17.31,18.94,-1.000,11.330,10.410
233403,333.75,-16.69,19.25,-1.490,8.280,5.670
233417,334.31,-15.94,19.56,-0.950,6.220,4.000
233429,335.19,-15.06,20.37,-2.570,-5.220,5.900
233441,335.31,-15.06,20.75,-2.790,-8.730,6.760
233453,335.31,-15.25,21.06,-2.210,-11.180,7.720
233467,335.25,-15.69,21.19,-1.840,-14.450,8.440
233479,336.00,-15.81,20.94,-2.890,-14.850,10.090
233492,336.81,-15.31,20.37,-1.050,-16.020,9.020
233504,337.75,-14.44,19.75,-1.960,-14.510,7.530
233518,338.75,-13.38,19.44,-4.770,-12.050,4.030
233530,340.19,-11.06,18.94,-1.100,-6.060,8.060
233542,341.31,-10.19,18.81,-2.770,-1.660,8.490
233554,342.37,-9.44,18.87,-4.020,-0.350,10.500
233568,343.25,-8.75,18.94,-3.970,1.400,11.680
233580,344.44,-7.81,19.00,-3.930,6.500,11.140
233592,344.87,-7.44,19.00,-3.630,7.260,10.780
233604,345.31,-6.94,19.00,-2.520,6.910,12.060
233618,345.63,-6.37,19.00,-2.620,6.990,10.450
233630,345.19,-5.37,19.06,1.960,5.570,6.750
233642,344.81,-4.94,19.19,2.620,3.850,10.530
233654,344.31,-4.87,19.19,0.620,-2.930,9.300
233668,343.50,-5.12,19.25,-0.430,-5.430,8.520
233680,341.06,-6.50,19.50,2.890,-13.330,10.320
233692,340.06,-7.44,19.69,2.620,-14.090,11.600
233704,339.38,-8.31,19.62,2.490,-16.800,10.660
233718,338.94,-8.81,19.44,1.950,-15.750,11.700
233730,339.06,-9.19,18.44,-0.130,-12.760,7.120
233743,339.25,-8.94,18.06,-1.030,-9.530,6.020
233755,339.75,-8.50,17.75,-1.110,-6.880,7.350
233769,340.56,-8.19,17.50,-1.590,-5.350,7.250
233781,342.19,-8.19,17.50,-4.350,0.200,9.450
233793,342.81,-8.31,17.50,-4.440,3.240,11.750
233805,343.12,-8.38,17.44,-4.250,6.760,11.300
233819,343.25,-8.31,17.37,-3.640,7.640,10.310
233831,343.56,-7.75,17.37,-0.550,10.090,9.230
233843,343.88,-7.19,17.50,-0.030,9.390,7.800
233855,344.19,-6.62,17.62,-0.820,8.760,6.470
233869,344.50,-5.94,17.81,-1.990,5.490,8.480
233881,344.94,-5.06,17.94,-0.520,-0.210,4.720
233893,344.75,-4.94,18.12,-1.350,-4.070,6.300
233905,344.25,-5.06,18.37,0.610,-10.380,9.100
233919,343.75,-5.37,18.62,2.380,-13.010,10.210
233931,343.25,-6.25,18.69,1.860,-14.960,10.950
233944,343.37,-6.50,18.37,1.530,-16.200,11.310
233956,343.81,-6.56,17.81,0.760,-15.120,8.160
233970,344.37,-6.37,17.37,-0.800,-11.510,5.100
233982,345.44,-5.37,17.00,-0.390,-6.940,10.310
233994,346.25,-5.00,16.94,-2.380,-5.470,10.040
234031,347.69,-5.25,17.19,-2.240,6.430,12.690
234043,347.81,-5.06,17.06,-0.860,9.030,11.540
234055,347.81,-4.75,17.06,0.000,8.790,13.200
234069,347.75,-4.44,17.12,-1.010,9.480,11.500
234082,347.81,-4.19,17.12,-0.090,5.890,10.100
234094,348.00,-3.62,17.19,-0.550,3.720,7.710
234106,347.81,-3.50,17.19,-0.970,1.370,7.800
234120,347.50,-3.69,17.25,-1.210,-4.610,6.940
234132,346.56,-4.94,17.37,1.610,-9.220,6.970
234144,346.25,-5.75,17.44,1.100,-12.740,7.900
234156,346.44,-6.31,17.56,2.110,-15.330,11.120
234170,346.94,-6.69,17.31,1.650,-14.400,12.040
234182,347.63,-6.81,16.62,-0.580,-9.820,2.460
234195,349.00,-6.56,15.56,2.990,-7.060,0.690
234207,349.56,-5.56,15.31,2.470,-5.670,8.530
234221,350.56,-4.56,15.25,0.230,-3.780,10.740
234233,352.00,-3.94,15.19,-4.420,1.430,11.030
234245,352.38,-3.94,15.19,-3.360,5.230,10.940
234257,352.56,-3.87,15.19,-3.310,10.190,8.320
234271,352.50,-3.56,15.13,-2.850,10.880,8.670
234283,352.69,-2.69,15.50,-2.650,10.380,11.160
234295,353.00,-2.44,15.63,-0.220,7.790,7.980
234307,353.31,-2.19,15.81,-1.240,5.860,9.570
234321,353.62,-2.00,15.88,-2.300,2.620,8.610
234333,353.50,-1.94,16.19,-1.250,-5.220,7.750
234346,353.06,-2.31,16.44,0.140,-8.820,7.630
234358,352.69,-2.94,16.81,1.050,-11.590,9.110
234372,352.50,-3.56,17.06,3.740,-16.450,10.620
234384,353.19,-4.50,17.25,3.850,-16.350,12.800
234396,353.88,-4.50,16.81,5.340,-15.590,11.980
234408,354.75,-4.37,16.31,0.860,-15.470,12.500
234422,355.44,-4.44,15.94,-3.920,-9.200,3.480
234434,355.44,-4.00,15.75,3.390,-1.370,10.440
234446,356.00,-4.00,15.81,-0.040,-0.690,8.760
234458,356.31,-4.12,16.00,-3.220,0.570,12.260
234472,356.31,-4.31,16.31,-3.790,2.450,14.000
234484,355.62,-4.81,16.56,-2.410,11.110,10.100
234496,355.25,-4.94,16.62,1.950,10.230,9.710
234508,355.00,-4.75,16.87,1.060,10.910,9.500
234522,354.94,-4.50,17.12,1.050,9.380,10.370
234534,355.56,-4.25,16.94,-1.360,6.950,6.330
234546,355.62,-4.00,16.87,-3.560,1.150,6.060
234558,355.44,-3.94,16.94,-3.080,-2.300,5.620
234572,355.06,-4.12,17.00,-3.270,-5.370,4.860
234584,353.88,-5.00,17.44,1.670,-12.950,7.510
234597,353.50,-5.37,17.62,2.600,-15.390,9.390
234609,353.56,-5.56,17.75,2.780,-16.360,10.780
234623,354.00,-5.50,17.50,4.530,-14.230,8.160
234635,355.31,-4.25,16.69,0.170,-12.190,6.070
234647,355.81,-3.50,16.56,-4.960,-10.170,11.660
234659,356.00,-3.44,16.25,3.250,-5.650,5.550
234673,356.25,-3.62,15.69,4.360,-1.510,5.360
234685,357.00,-3.50,15.63,-7.910,2.630,13.130
234697,357.00,-3.56,15.75,-8.400,3.230,13.500
234709,356.63,-3.87,15.81,-6.160,8.930,11.490
234723,356.13,-4.12,15.75,-3.830,9.510,11.300
234735,355.37,-3.87,15.94,1.630,10.880,10.200
234747,355.37,-3.50,16.12,-0.600,9.360,10.810
234759,355.75,-3.25,16.12,-4.300,5.210,8.270
234773,356.00,-3.06,16.00,-4.710,2.170,8.160
234785,355.56,-2.87,16.06,-4.130,-3.930,8.400
234797,355.00,-3.12,16.19,-1.630,-9.880,7.510
234809,354.19,-3.50,16.44,0.350,-11.630,8.010
234823,353.44,-3.94,16.69,1.020,-14.560,9.330
234835,352.87,-4.37,16.94,2.810,-15.690,14.120
234848,353.06,-4.56,16.62,4.990,-15.770,12.900
234860,353.62,-4.31,15.94,4.000,-16.000,13.870
234874,354.13,-4.19,15.38,1.110,-8.340,4.100
234886,354.56,-3.31,14.69,4.080,-3.100,11.070
234898,355.12,-2.81,14.69,1.620,-1.860,12.000
234910,355.62,-2.75,14.81,-3.080,1.320,12.670
234924,355.69,-2.87,14.94,-2.940,2.850,13.970
234936,355.12,-3.50,15.19,-0.110,11.400,10.950
234948,354.69,-3.62,15.25,2.220,10.320,10.420
234960,354.31,-3.37,15.31,0.090,11.790,11.630
234974,354.13,-3.25,15.50,-0.370,11.140,6.910
234986,353.88,-3.06,16.06,-1.830,5.700,6.450
234999,353.75,-3.00,16.31,-2.550,2.350,7.920
235036,351.88,-3.31,16.87,1.000,-13.030,6.880
235048,350.25,-3.87,17.12,3.200,-16.070,8.940
235060,349.88,-4.00,17.12,2.530,-15.390,10.540
235074,350.06,-3.87,16.87,2.700,-16.950,10.340
235086,350.50,-3.56,16.44,1.480,-10.170,5.130
235099,351.56,-2.25,15.56,2.030,-7.980,8.310
235111,352.13,-1.50,15.25,1.700,-5.060,10.850
235125,352.81,-1.12,15.00,-4.120,-2.310,13.080
235137,353.37,-1.31,14.87,-4.280,2.520,13.340
235149,353.12,-1.69,14.81,-3.180,6.030,11.760
235161,352.69,-1.87,14.75,-0.750,10.110,11.600
235175,352.06,-1.81,14.75,0.900,9.220,12.280
235187,351.31,-1.56,15.19,0.170,6.990,9.050
235199,351.00,-1.56,15.50,0.080,5.980,10.470
235211,350.69,-1.56,15.75,-1.140,4.570,10.490
235225,350.44,-1.75,15.88,-1.010,1.510,7.880
235237,349.37,-2.44,16.06,-0.810,-6.260,5.680
235250,348.75,-3.06,16.31,0.100,-10.240,5.660
235262,348.06,-3.75,16.56,3.140,-14.200,8.530
235276,347.63,-4.44,16.69,3.620,-15.140,10.030
235288,347.75,-5.44,16.37,1.950,-15.550,8.860
235300,347.94,-5.62,15.94,0.050,-9.480,4.810
235312,348.06,-5.50,15.56,1.660,-8.030,4.960
235326,348.19,-5.19,15.25,1.890,-5.060,8.320
235338,348.94,-4.81,15.06,-4.540,0.700,12.220
235350,349.12,-5.06,14.94,-3.950,3.890,10.580
235362,349.00,-5.31,14.81,-3.140,8.070,9.140
235376,348.81,-5.50,14.69,-1.800,11.190,8.470
235388,348.50,-5.50,15.00,-2.950,10.200,9.970
235400,348.38,-5.50,15.25,-1.920,7.180,7.640
235412,348.13,-5.44,15.56,-1.840,6.050,9.860
235426,348.06,-5.31,15.94,-4.670,2.180,11.510
235438,347.63,-5.50,16.19,-3.100,-5.600,8.430
235450,347.19,-5.69,16.37,-2.780,-7.980,8.530
235462,346.56,-5.94,16.56,-2.090,-10.700,8.180
235476,345.88,-6.31,16.81,-0.380,-12.100,8.780
235488,345.19,-6.62,17.06,1.780,-13.940,11.750
235501,344.75,-7.12,17.00,1.710,-13.990,12.120
235513,344.94,-7.37,16.50,1.090,-11.510,8.760
235527,345.12,-7.62,15.94,-0.290,-8.320,5.840
235539,345.25,-7.87,15.13,2.100,-5.880,10.630
235551,345.69,-7.94,15.00,0.340,-5.360,11.280
235563,346.31,-8.19,14.87,-2.480,-3.530,11.450
235577,346.87,-8.50,14.81,-4.010,-0.930,11.770
235589,347.12,-8.94,14.75,-3.380,5.680,11.660
235601,346.87,-9.06,14.63,-2.820,7.180,11.590
235613,346.69,-9.06,14.56,-2.050,7.950,11.140
235627,346.56,-9.00,14.63,-1.180,8.390,11.020
235639,346.44,-8.94,14.94,-0.910,6.740,7.960
235652,346.25,-8.75,15.25,-0.850,4.330,10.730
235664,346.06,-8.50,15.69,-1.230,1.340,9.860
235678,345.88,-8.50,15.88,-1.110,-1.740,7.640
235690,345.06,-8.88,16.37,-0.600,-7.710,6.580
235702,344.44,-9.31,16.69,0.870,-9.530,7.180
235714,343.88,-9.81,17.06,1.810,-11.570,7.310
235728,343.31,-10.31,17.37,2.110,-12.660,8.470
235740,342.81,-11.19,17.37,1.570,-12.230,8.280
235752,343.06,-11.25,16.94,1.130,-11.240,7.770
235764,343.25,-11.25,16.50,-0.970,-8.620,4.390
235778,343.44,-11.25,16.06,-0.250,-7.330,5.640
235790,344.50,-11.06,15.75,-0.610,-4.440,9.180
235802,345.12,-11.25,15.69,-5.640,-1.620,10.590
235814,345.44,-11.44,15.63,-7.100,0.810,10.300
235828,345.50,-11.69,15.50,-6.890,3.210,10.130
235840,345.06,-11.88,15.25,-3.960,8.220,9.900
235852,344.75,-11.81,15.13,-3.450,9.470,10.130
235864,344.75,-11.75,15.19,-2.890,8.800,10.750
235878,344.69,-11.69,15.25,-4.600,7.330,7.980
235890,344.50,-11.44,15.69,-3.180,4.170,8.430
235903,344.50,-11.38,16.00,-3.620,-1.130,11.320
235915,344.37,-11.38,16.19,-2.220,-3.810,9.440
235929,344.13,-11.44,16.44,-2.370,-5.100,9.120
235941,343.00,-12.00,16.87,-0.960,-10.580,9.540
235953,342.44,-12.31,17.06,-0.210,-11.970,9.710
235965,341.94,-12.69,17.12,0.640,-12.700,10.810
235979,341.69,-13.00,17.12,1.080,-13.080,11.250
235991,341.94,-13.25,16.44,1.230,-11.460,9.760
236003,342.44,-13.19,16.12,0.830,-11.360,9.110
236040,343.19,-12.88,15.50,-1.430,-3.160,9.870
236052,343.94,-12.63,15.31,-3.700,0.270,11.940
236064,344.00,-12.50,15.06,-3.920,2.850,11.940
236078,343.88,-12.37,14.81,-4.200,5.600,11.650
236091,343.81,-12.19,14.56,0.300,10.070,8.970
236103,343.81,-11.69,14.50,-0.630,10.620,10.490
236115,344.00,-11.50,14.63,-1.050,9.460,8.930
236129,344.19,-11.25,14.94,-1.730,8.040,6.510
236141,344.44,-10.63,15.56,-1.330,4.150,6.110
236154,344.50,-10.38,15.88,-3.320,-3.210,7.960
236166,344.44,-10.25,16.19,-3.520,-5.060,8.000
236180,344.25,-10.31,16.50,-3.110,-8.110,8.180
236192,343.44,-10.56,16.75,0.640,-12.480,7.890
236204,343.31,-10.50,16.81,0.700,-13.390,10.030
236216,343.56,-10.31,16.69,0.170,-12.300,10.320
236230,343.94,-9.88,16.37,1.470,-13.610,8.200
236242,345.06,-8.56,15.94,-3.620,-10.150,8.880
236254,345.31,-8.25,15.69,-7.310,-7.940,10.470
236266,345.69,-8.06,15.19,0.790,-3.820,5.810
236280,346.25,-7.75,14.94,-0.800,-2.120,8.610
236292,347.31,-7.19,14.81,-6.970,0.280,12.930
236304,347.31,-7.19,14.75,-6.920,4.030,12.100
236316,347.12,-7.31,14.56,-3.280,8.780,7.900
236330,347.06,-7.19,14.44,-1.510,9.690,8.890
236342,347.31,-6.31,14.81,-1.020,8.700,10.870
236355,347.69,-6.00,14.94,-0.540,4.580,9.270
236367,348.31,-5.56,15.13,-0.100,6.900,10.300
236381,348.69,-5.37,15.13,-2.500,1.730,8.700
236393,349.06,-5.12,15.31,-1.970,-4.100,8.060
236405,349.00,-5.19,15.50,-0.640,-8.990,8.180
236417,348.87,-5.44,15.75,0.400,-11.310,9.220
236431,348.87,-5.69,15.94,1.870,-14.090,10.600
236443,349.81,-5.69,15.88,4.360,-13.360,11.390
236455,350.50,-5.25,15.31,5.540,-13.260,10.340
236467,351.31,-4.62,14.69,2.640,-12.810,10.240
236481,352.13,-4.19,14.25,0.800,-11.930,10.960
236493,352.44,-3.62,13.62,3.270,-0.680,9.160
236505,352.94,-3.37,13.50,3.970,2.040,8.180
236517,353.37,-3.19,13.50,-0.270,2.730,11.690
236531,353.69,-3.00,13.56,-1.780,5.820,12.000
236543,353.62,-3.19,13.56,-3.170,9.980,9.010
236555,353.56,-3.12,13.69,0.450,11.310,9.550
236567,353.69,-3.06,13.94,-1.350,10.700,9.060
236581,353.88,-3.12,14.19,-1.430,9.040,6.070
236593,354.06,-3.06,14.44,-2.700,2.820,7.610
236606,354.25,-3.00,14.94,-2.940,-0.460,9.320
236618,354.06,-3.12,15.13,-4.670,-4.110,8.660
236632,353.56,-3.31,15.44,-2.190,-8.010,8.110
236644,352.69,-4.06,16.00,0.260,-11.910,8.480
236656,352.44,-4.37,16.19,1.360,-14.450,11.370
236668,352.56,-4.56,16.25,0.430,-13.060,12.170
236682,352.94,-4.56,15.88,2.280,-14.990,11.000
236694,354.38,-4.19,15.00,-3.160,-12.430,9.730
236706,354.69,-4.06,14.75,-3.630,-6.880,3.370
236718,354.63,-3.69,14.44,0.820,-5.550,8.200
236732,355.06,-3.31,14.31,2.700,-2.280,12.160
236744,355.87,-3.25,14.31,-3.340,-0.110,15.450
236756,355.87,-3.25,14.38,-3.000,3.220,15.310
236768,355.62,-3.31,14.31,-0.620,7.840,13.420
236782,355.25,-3.31,14.25,1.280,11.950,8.220
236794,354.63,-2.81,14.38,1.500,12.040,11.080
236807,354.56,-2.75,14.44,-0.330,9.180,6.730
236819,354.44,-2.75,14.69,-0.870,7.590,7.970
236833,354.25,-2.81,14.94,-1.050,3.820,6.760
236845,353.00,-3.44,15.38,-1.710,-6.440,5.630
236857,352.00,-3.94,15.56,0.070,-9.550,5.090
236869,350.87,-4.50,15.81,2.380,-11.700,6.390
236883,350.06,-5.00,16.00,3.850,-15.630,8.740
236896,349.62,-5.69,15.88,2.990,-15.350,10.950
236908,349.81,-5.87,15.44,-0.330,-12.280,6.210
236920,349.88,-5.94,15.13,0.250,-8.100,1.860
236934,349.94,-5.69,14.94,0.690,-5.010,3.380
236946,349.94,-5.37,14.81,-3.920,1.720,8.100
236958,349.62,-5.75,14.81,-3.740,3.290,9.830
236970,349.06,-6.25,14.81,-3.120,5.790,8.760
236984,348.38,-6.75,14.81,-2.030,7.520,8.160
236996,346.94,-7.50,14.94,-2.460,6.300,13.840
237008,346.25,-8.06,14.87,-4.250,5.220,11.330
237045,343.37,-9.06,15.25,-5.060,-0.460,9.260
237057,341.19,-10.00,15.56,-5.870,-6.030,9.740
237069,339.81,-10.56,15.81,-5.230,-8.760,9.280
237083,338.44,-11.00,16.00,-4.420,-9.700,9.350
237096,337.25,-11.31,16.19,-0.070,-12.650,10.670
237108,335.56,-11.94,16.19,0.460,-12.970,11.600
237120,335.25,-12.13,16.00,-0.420,-11.610,12.870
237134,335.19,-12.19,15.69,0.090,-10.080,10.120
237146,335.31,-12.13,15.13,-0.660,-4.760,9.110
237158,335.38,-12.00,14.81,2.220,-2.140,8.170
237170,335.69,-11.81,14.63,1.360,-1.530,10.310
237184,336.31,-11.81,14.63,-1.510,0.070,10.580
237196,337.25,-12.50,14.44,-3.410,5.430,8.200
237209,337.31,-12.81,14.25,-2.910,6.840,9.490
237221,337.31,-13.06,14.19,-1.990,7.840,9.070
237235,337.19,-13.31,14.13,0.100,8.700,7.850
237247,336.75,-13.69,14.31,-1.310,7.590,7.590
237259,336.56,-14.06,14.50,-2.440,5.980,7.010
237271,336.25,-14.50,14.81,-2.630,3.080,8.400
237285,335.94,-15.00,15.13,-2.940,1.720,7.920
237297,335.06,-16.12,15.63,-3.610,-3.250,6.530
237309,334.50,-16.69,15.94,-6.700,-8.290,7.190
237321,333.75,-17.31,16.06,-6.560,-9.800,7.750
237335,333.13,-17.81,16.12,-5.680,-10.790,7.590
237347,332.50,-18.37,15.94,-2.900,-11.630,9.700
237359,332.69,-18.44,15.75,-2.480,-12.290,10.410
237371,333.19,-18.37,15.25,-2.340,-11.620,10.160
237385,334.06,-18.12,14.87,-1.410,-11.370,9.910
237397,335.94,-17.44,14.38,-5.670,-8.480,7.870
237409,336.44,-16.94,14.19,-2.300,-3.760,11.270
237421,337.44,-16.50,14.06,-2.330,-2.070,10.840
237435,338.44,-16.19,14.06,-4.260,-0.880,12.470
237447,339.88,-15.31,14.00,-3.540,6.710,11.620
237460,340.37,-14.75,13.88,-2.100,9.460,10.170
237472,340.69,-14.13,13.69,-0.540,11.080,9.580
237486,341.25,-13.50,13.75,-0.570,11.000,10.520
237498,342.56,-12.75,14.19,-2.450,8.030,5.500
237510,342.75,-12.56,14.56,-3.240,6.210,4.830
237522,342.81,-12.37,15.13,0.920,-0.220,5.720
237536,342.81,-12.31,15.69,0.140,-4.160,8.640
237548,342.13,-12.37,16.81,-1.640,-10.720,8.740
237560,341.31,-12.63,17.31,1.040,-13.320,9.380
237572,340.50,-13.00,17.62,2.250,-13.960,9.380
237586,339.94,-13.25,17.69,3.890,-13.460,9.110
237598,339.75,-13.25,17.06,1.350,-9.970,8.040
237610,340.06,-12.94,16.69,0.320,-10.860,8.810
237622,340.56,-12.69,16.25,-1.220,-8.580,3.270
237636,340.94,-12.31,15.88,-1.700,-5.140,5.520
237648,342.25,-11.38,15.75,-5.310,-3.000,8.430
237660,342.94,-11.25,15.69,-9.010,-0.010,12.190
237672,343.37,-11.19,15.69,-8.660,2.870,12.650
237686,343.50,-11.19,15.56,-7.630,5.980,12.430
237698,343.56,-10.75,15.00,-2.460,10.310,8.580
237711,343.50,-10.31,14.69,-0.990,10.060,10.920
237723,343.63,-9.88,14.63,-1.200,8.770,11.270
237737,344.00,-9.69,14.69,-1.170,4.090,7.400
237749,344.50,-9.31,15.19,-1.370,-0.510,9.750
237761,344.50,-9.19,15.44,-0.820,-2.040,9.630
237773,344.31,-9.13,15.75,-0.490,-8.360,9.670
237787,343.94,-9.31,16.00,0.620,-10.140,9.160
237799,342.81,-9.81,16.37,2.600,-13.820,9.900
237811,342.50,-10.13,16.50,2.870,-13.100,10.780
237823,342.56,-10.19,16.31,3.650,-12.470,9.650
237837,343.12,-10.06,15.94,2.360,-11.540,9.410
237849,344.19,-9.75,15.19,-3.950,-5.400,3.220
237861,344.44,-9.56,14.94,-2.060,-2.220,6.830
237873,344.75,-9.25,14.75,0.370,-0.230,9.830
237887,345.37,-9.06,14.56,-3.690,2.050,12.410
237899,346.25,-8.69,14.31,-6.380,7.410,11.410
237912,346.44,-8.56,14.13,-2.540,12.640,6.770
237924,346.69,-8.38,13.94,-1.480,12.280,7.870
237938,347.06,-7.94,13.88,-3.790,11.550,10.920
237950,348.06,-7.56,14.00,0.490,4.580,5.770
237962,348.62,-7.19,14.25,0.020,2.210,7.080
237974,349.06,-6.62,14.63,-3.490,-2.630,11.620
237988,349.19,-6.19,14.94,-4.590,-9.090,11.310
238000,348.62,-6.19,15.38,0.980,-11.890,9.500
238012,348.19,-6.31,15.56,2.410,-12.680,10.090
238049,348.25,-6.31,15.50,2.670,-13.570,13.750
238061,349.69,-6.25,14.25,-0.710,-9.120,2.920
238073,350.06,-6.31,13.81,2.330,-6.770,2.200
238087,350.31,-5.75,13.56,3.280,-4.030,9.700
238100,350.87,-5.12,13.44,-2.030,-2.920,14.340
238112,352.06,-4.87,13.25,-2.960,-0.700,13.070
238124,352.19,-5.00,13.25,-1.930,3.100,12.370
238138,352.13,-5.31,13.13,-1.130,9.980,8.240
238150,351.88,-5.50,13.06,0.070,13.040,9.530
238163,351.81,-5.56,13.13,-0.700,10.540,10.710
238175,352.06,-5.69,13.31,-1.820,8.870,8.340
238189,352.31,-5.87,13.50,-3.160,7.900,8.200
238201,352.87,-5.87,13.88,-2.050,0.000,7.050
238213,353.12,-5.75,14.06,-4.180,-2.510,6.660
238225,353.25,-5.62,14.25,-4.710,-6.490,8.390
238239,353.06,-5.56,14.50,-2.520,-11.500,9.010
238251,352.44,-5.69,14.50,1.980,-14.130,9.920
238263,352.38,-5.75,14.31,2.190,-12.530,9.810
238275,352.50,-5.69,13.94,0.410,-14.040,12.310
238289,352.81,-5.56,13.19,-0.690,-13.380,9.500
238301,353.37,-5.62,11.75,0.910,-4.500,8.940
238314,353.56,-5.37,11.38,0.950,-2.980,11.310
238326,353.94,-5.25,11.06,-0.760,-2.430,11.580
238340,354.31,-5.25,10.81,-2.440,-1.120,13.150
238352,354.31,-5.62,10.56,-1.350,5.840,11.910
238364,354.00,-5.69,10.44,-1.000,8.660,12.980
238376,353.69,-5.75,10.38,0.850,9.190,11.430
238390,353.50,-5.75,10.38,-0.940,8.570,12.500
238402,353.56,-6.00,10.56,-1.510,6.010,6.940
238414,353.50,-6.06,10.81,-0.980,3.810,10.060
238426,353.62,-6.12,11.12,-1.770,-0.180,8.010
238440,353.50,-6.19,11.25,-0.990,-2.350,6.560
238452,353.19,-6.37,11.63,-0.150,-7.700,6.410
238464,352.87,-6.62,11.81,1.630,-10.020,6.920
238476,352.56,-7.00,12.06,3.930,-11.320,8.330
238490,352.62,-7.31,12.25,4.000,-10.880,9.120
238502,353.06,-7.81,11.81,2.130,-11.000,8.850
238514,353.31,-7.81,11.75,-2.600,-9.090,9.680
238526,353.31,-7.94,11.50,-0.670,-5.530,7.690
238540,353.19,-8.06,11.19,-0.550,-2.480,6.980
238552,353.06,-8.25,10.94,-3.020,2.280,8.530
238565,352.81,-8.13,10.81,-3.950,7.080,10.230
238577,352.44,-7.94,10.69,-3.840,9.250,9.920
238591,352.06,-7.75,10.56,-3.150,10.310,10.040
238603,351.81,-7.56,10.88,-4.100,8.620,9.450
238615,351.75,-7.62,11.12,-2.660,6.540,9.060
238627,351.94,-7.75,11.56,-0.560,5.580,8.880
238641,352.19,-7.87,11.94,-3.970,0.680,11.240
238653,352.13,-8.25,12.06,-5.290,-5.000,9.240
238665,351.81,-8.31,12.19,-1.690,-7.730,8.990
238677,351.37,-8.38,12.37,0.590,-8.530,8.630
238691,350.87,-8.44,12.50,1.320,-11.420,9.220
238703,350.25,-8.88,12.88,2.030,-11.170,12.010
238715,350.06,-9.13,12.75,3.490,-12.170,11.920
238727,349.94,-9.25,12.56,2.950,-10.990,11.600
238741,349.81,-9.44,12.44,0.140,-9.910,10.360
238753,349.00,-9.88,12.13,-0.100,-6.850,8.890
238765,348.69,-10.06,12.13,0.830,-4.230,8.390
238777,348.44,-10.31,12.13,-1.460,-0.800,7.900
238791,348.06,-10.44,12.31,-4.950,1.140,8.440
238803,347.50,-10.50,12.50,-4.310,8.050,13.780
238816,346.62,-10.69,12.75,-3.160,8.610,13.520
238828,346.31,-10.75,12.88,-3.540,8.570,12.950
238842,346.00,-10.88,13.19,-4.950,8.680,12.140
238854,345.88,-11.06,14.25,1.110,5.390,13.620
238866,346.19,-11.06,14.56,1.370,2.960,10.550
238878,346.50,-10.75,14.69,1.620,1.580,10.420
238892,346.44,-10.38,14.63,-4.690,-2.230,8.770
238904,345.50,-9.88,14.87,-5.610,-4.960,6.690
238916,344.69,-9.88,15.19,-1.290,-8.440,8.540
238928,343.94,-9.94,15.50,0.950,-10.410,9.320
238942,343.19,-9.94,15.88,2.200,-11.750,9.680
238954,342.25,-10.00,16.00,3.080,-11.960,9.640
238966,342.13,-9.94,15.56,3.720,-11.070,10.300
238978,342.31,-10.00,14.94,2.910,-11.730,10.350
238992,342.69,-10.13,14.38,0.560,-9.860,4.190
239004,342.94,-9.88,13.62,2.230,-5.390,8.300
239017,343.31,-9.75,13.38,2.460,-4.600,7.220
239054,344.44,-10.50,12.69,0.140,6.930,3.360
239066,343.94,-11.75,12.13,4.270,8.060,6.090
239078,343.63,-12.63,11.88,8.870,8.300,7.050
239092,343.94,-13.75,11.94,13.520,7.000,8.640
239105,344.69,-15.06,12.19,14.620,3.650,8.570
239117,347.56,-17.37,12.94,13.400,1.770,10.600
239129,349.88,-18.56,13.31,10.870,-0.090,10.510
239143,352.25,-19.94,13.69,6.800,-2.660,11.080
239155,356.81,-24.37,14.19,2.030,-2.170,6.520
239167,358.75,-27.37,14.63,-0.180,-1.400,2.190
239179,0.37,-30.62,15.06,-1.280,-1.240,1.050
239193,1.94,-34.13,15.56,-2.820,-1.550,0.140
239205,5.06,-41.06,17.44,-8.790,-3.480,-1.800
239217,6.50,-44.06,18.62,-10.350,-4.160,-1.710
239229,7.87,-46.75,20.06,-11.750,-4.870,-1.400
239243,9.00,-49.31,21.56,-13.870,-5.680,-0.880
239255,10.06,-51.81,23.31,-14.380,-5.400,-2.010
239268,11.63,-56.44,27.56,-14.590,-4.950,-2.440
239280,12.25,-58.44,30.25,-17.060,-5.280,-1.440
239294,12.81,-59.94,32.88,-18.540,-5.800,0.470
239306,13.56,-61.94,37.44,-17.780,-5.650,2.090
239318,13.75,-62.62,39.19,-16.580,-5.470,1.980
239330,13.94,-63.25,40.69,-15.620,-5.220,1.880
239344,14.00,-63.81,42.19,-14.410,-5.210,2.120
239356,14.19,-64.69,44.75,-12.880,-5.550,4.120
239368,14.25,-64.94,45.81,-12.270,-5.380,4.060
239380,14.38,-65.06,46.69,-11.660,-5.230,3.910
239394,14.50,-65.19,47.44,-10.640,-4.560,3.450
239406,14.81,-65.25,48.94,-9.970,-4.230,3.290
239419,14.94,-65.31,49.56,-9.280,-4.510,3.710
239431,15.13,-65.31,50.19,-9.240,-4.720,3.960
239445,15.25,-65.37,50.88,-9.330,-4.610,4.090
239457,15.69,-65.37,52.06,-8.470,-3.960,2.780
239469,15.88,-65.37,52.56,-8.030,-3.940,2.580
239481,16.12,-65.31,53.13,-8.050,-4.030,2.720
239495,16.37,-65.19,53.63,-8.700,-4.380,3.260
239507,16.87,-65.00,54.56,-8.950,-4.260,2.870
239519,17.06,-65.00,55.00,-9.030,-4.040,2.640
239531,17.25,-64.94,55.44,-9.090,-3.960,2.850
239545,17.37,-64.94,55.69,-8.820,-4.010,3.110
239557,17.69,-65.06,56.06,-7.940,-4.260,3.160
239569,17.87,-65.12,56.31,-8.020,-4.020,2.860
239581,18.12,-65.12,56.63,-8.080,-3.720,2.320
239595,18.50,-65.12,56.94,-8.140,-3.590,1.870
239607,19.25,-64.94,57.56,-8.440,-4.070,2.350
239619,19.56,-64.87,57.94,-8.710,-4.350,2.770
239631,19.87,-64.81,58.25,-8.930,-4.470,2.920
239645,20.19,-64.87,58.50,-8.510,-4.080,2.420
239657,20.81,-64.87,59.00,-7.790,-4.070,2.270
239670,21.19,-64.87,59.25,-7.680,-4.270,2.710
239682,21.62,-64.87,59.50,-7.920,-4.480,2.770
239696,22.06,-64.81,59.75,-8.060,-4.510,2.600
239708,23.00,-64.69,60.31,-8.180,-4.050,1.670
239720,23.50,-64.62,60.63,-8.130,-4.120,1.750
239732,23.94,-64.62,61.00,-8.110,-4.340,1.970
239746,24.37,-64.56,61.37,-8.110,-4.840,2.530
239758,25.25,-64.50,62.25,-8.040,-4.900,2.290
239770,25.75,-64.44,62.62,-7.910,-4.840,2.150
239782,26.31,-64.37,63.06,-7.760,-5.380,2.570
239796,26.87,-64.25,63.38,-7.890,-5.720,2.970
239808,28.25,-63.94,63.87,-8.190,-5.930,2.800
239820,29.06,-63.81,64.12,-8.200,-5.800,2.470
239832,29.81,-63.69,64.37,-8.050,-5.660,2.240
239846,30.62,-63.56,64.56,-7.810,-5.680,2.170
239858,32.38,-63.31,64.87,-7.940,-6.790,3.120
239870,33.31,-63.25,65.00,-8.000,-6.850,3.210
239882,34.31,-63.06,65.00,-7.780,-6.740,2.710
239896,35.38,-63.00,65.06,-7.500,-6.590,2.550
239908,37.69,-62.69,65.00,-7.140,-6.740,2.760
239921,39.00,-62.50,64.94,-7.260,-6.720,2.850
239933,40.31,-62.38,64.81,-7.210,-6.440,2.510
239947,41.75,-62.19,64.81,-6.970,-5.970,1.920
239959,44.69,-61.81,64.94,-6.260,-5.170,1.330
239971,46.25,-61.56,65.00,-6.310,-5.170,1.410
239983,47.81,-61.31,65.19,-6.600,-5.180,1.430
239997,49.38,-61.06,65.44,-7.180,-4.530,0.850
240009,52.44,-60.69,66.19,-7.230,-3.710,0.020
240021,53.87,-60.56,66.75,-7.210,-3.530,-0.090
240058,57.69,-60.44,69.19,-8.330,-2.390,-0.450
240070,59.88,-60.50,71.19,-8.230,-2.140,-0.560
240082,60.88,-60.50,72.31,-8.160,-2.130,-0.420
240096,61.88,-60.50,73.37,-8.320,-2.220,-0.160
240109,62.81,-60.50,74.56,-9.190,-2.460,0.130
240121,64.75,-60.25,76.75,-9.360,-2.250,-0.050
240133,65.69,-60.06,77.75,-9.310,-2.220,-0.170
240147,66.69,-59.81,78.75,-9.510,-2.540,0.060
240159,67.62,-59.56,79.69,-9.790,-3.270,0.520
240172,69.50,-59.00,81.37,-10.200,-3.580,0.500
240184,70.37,-58.69,82.19,-10.180,-3.640,0.460
240198,71.19,-58.38,82.88,-10.060,-3.690,0.380
240210,72.75,-57.81,84.13,-9.760,-4.500,1.070
240222,73.50,-57.56,84.56,-9.900,-4.730,1.240
240234,74.25,-57.25,85.00,-9.910,-4.730,1.160
240248,74.94,-57.00,85.31,-9.570,-4.510,0.560
240260,76.31,-56.44,85.87,-9.220,-4.460,0.500
240272,76.94,-56.19,86.06,-9.180,-4.680,0.730
240284,77.50,-55.94,86.25,-9.190,-4.970,1.060
240298,78.06,-55.75,86.37,-9.220,-4.930,0.850
240310,79.00,-55.44,86.69,-8.550,-4.300,0.160
240323,79.37,-55.25,86.87,-8.350,-4.490,0.360
240335,79.75,-55.12,87.06,-8.240,-4.630,0.540
240349,80.06,-55.00,87.25,-8.310,-4.750,0.780
240361,80.75,-54.75,87.69,-8.480,-4.810,0.370
240373,81.00,-54.63,87.94,-8.300,-4.730,0.060
240385,81.31,-54.50,88.12,-7.910,-5.000,0.120
240399,81.63,-54.38,88.31,-7.930,-5.290,0.360
240411,82.19,-54.13,88.62,-8.190,-5.870,0.550
240423,82.50,-53.94,88.75,-8.360,-5.810,-0.170
240435,82.81,-53.75,88.94,-8.270,-5.700,-0.440
240449,83.19,-53.56,89.13,-8.180,-5.710,-0.560
240461,83.81,-53.13,89.37,-8.600,-6.300,0.200
240473,84.06,-52.94,89.50,-8.840,-6.350,0.230
240485,84.31,-52.81,89.62,-8.990,-6.180,0.040
240499,84.44,-52.69,89.69,-8.590,-5.680,-0.370
240511,84.50,-52.62,89.94,-8.490,-5.680,-0.010
240523,84.50,-52.69,90.06,-8.670,-5.800,0.400
240535,84.31,-52.88,90.25,-9.020,-6.050,1.150
240549,84.06,-53.13,90.25,-9.090,-5.740,0.980
240561,83.50,-53.87,90.38,-8.210,-4.840,0.600
240574,83.12,-54.38,90.38,-8.140,-4.760,0.750
240586,82.69,-54.94,90.38,-8.150,-4.700,1.040
240600,82.19,-55.56,90.38,-8.190,-4.920,1.180
240612,80.87,-57.19,90.31,-8.170,-3.580,-0.440
240624,80.25,-58.00,90.44,-7.940,-3.230,-1.160
240636,79.81,-58.75,90.75,-7.500,-3.160,-1.740
240650,79.44,-59.44,91.31,-7.740,-3.130,-1.840
240662,78.62,-60.63,92.88,-8.390,-3.190,-1.700
240674,78.12,-61.13,93.69,-8.640,-3.050,-1.750
240686,77.56,-61.63,94.50,-7.700,-2.420,-1.880
240700,77.19,-62.00,95.12,-9.400,-2.300,-0.630
240712,76.31,-62.88,96.19,-9.120,-4.000,0.420
240724,75.69,-63.50,96.56,-8.710,-4.560,-0.140
240736,74.87,-64.31,97.06,-8.530,-4.370,-1.000
240750,74.00,-65.06,97.94,-7.410,-3.260,-1.630
240762,72.56,-66.19,100.50,-7.460,-2.620,-0.580
240775,72.06,-66.50,102.00,-7.110,-2.490,-0.160
240787,71.62,-66.81,103.50,-6.580,-2.110,-0.570
240801,71.31,-67.00,105.00,-6.410,-1.970,-1.080
240813,70.62,-67.37,107.25,-5.270,-1.590,-1.160
240825,70.25,-67.62,108.12,-5.150,-1.270,-0.670
240837,69.75,-67.81,108.69,-5.070,-1.110,-0.310
240851,69.19,-68.00,109.06,-4.930,-1.060,-0.220
240863,68.50,-68.12,109.00,-5.370,-1.820,-1.590
240875,68.25,-68.06,108.75,-6.140,-2.130,-1.890
240887,68.12,-67.94,108.00,-7.360,-1.990,-1.390
240901,68.06,-67.69,107.19,-8.010,-2.460,-0.970
240913,67.94,-67.12,104.56,-8.710,-2.400,-0.300
240925,67.56,-66.94,102.87,-8.450,-2.370,-0.620
240937,67.00,-67.00,101.00,-8.420,-2.770,-0.660
240951,66.19,-67.12,99.31,-9.260,-3.070,-0.470
240963,64.69,-67.56,98.31,-9.790,-5.420,-0.720
240975,63.87,-67.81,99.56,-10.280,-5.880,-1.380
240987,62.81,-68.06,101.12,-11.410,-5.250,-1.260
241001,61.69,-68.37,102.50,-12.290,-5.110,1.030
241013,59.75,-68.94,105.06,-11.880,-5.560,2.190
241026,59.00,-69.19,106.37,-10.620,-5.510,1.940
241063,57.56,-69.69,111.69,-11.420,-4.930,-1.010
241075,56.88,-69.81,116.56,-11.870,-5.120,-1.180
241087,56.50,-69.81,119.19,-11.920,-4.970,-1.570
241101,56.19,-69.81,121.75,-11.500,-4.710,-1.960
241114,55.81,-69.81,124.00,-9.500,-4.580,-2.100
241126,55.25,-69.75,127.19,-9.110,-5.000,-1.780
241138,55.00,-69.81,128.19,-9.570,-5.250,-2.150
241152,54.69,-69.87,129.44,-9.600,-4.790,-3.030
241164,54.25,-69.75,132.19,-10.210,-3.840,-4.550
241176,54.13,-69.56,133.75,-10.940,-2.860,-4.380
241188,54.06,-69.25,135.31,-10.940,-3.390,-4.230
241202,54.00,-68.94,136.88,-11.110,-3.600,-4.130
241214,53.56,-68.37,139.69,-10.500,-3.280,-3.810
241227,53.13,-68.25,140.94,-9.890,-3.260,-3.190
241239,52.50,-68.25,142.06,-9.300,-3.400,-2.350
241253,52.00,-68.31,142.87,-8.890,-4.110,-1.080
241265,51.25,-68.56,143.44,-8.400,-3.810,-1.750
241277,51.25,-68.56,143.56,-8.460,-3.570,-2.430
241289,51.44,-68.44,143.62,-9.080,-2.740,-3.270
241303,51.69,-68.19,143.69,-9.490,-2.630,-3.280
241315,52.00,-67.75,144.06,-9.710,-2.580,-2.940
241327,51.94,-67.62,144.44,-9.220,-2.360,-2.940
241339,51.75,-67.56,144.69,-8.860,-2.410,-2.810
241353,51.56,-67.62,144.75,-8.830,-2.660,-2.400
241365,51.00,-67.94,144.44,-8.940,-3.070,-0.990
241377,50.56,-68.25,144.25,-9.160,-2.960,-0.920
241389,50.25,-68.50,144.19,-9.040,-2.870,-1.170
241403,50.12,-68.62,144.37,-8.810,-2.520,-1.300
241415,50.44,-68.50,145.12,-9.010,-3.530,-1.990
241427,50.81,-68.31,145.56,-10.050,-3.260,-2.850
241439,50.88,-68.19,146.13,-9.900,-2.880,-3.460
241453,50.81,-68.12,146.75,-10.120,-2.000,-4.340
241465,50.63,-67.50,148.00,-10.110,-0.960,-4.520
241478,50.38,-67.12,148.62,-9.800,-1.460,-4.460
241490,50.25,-66.81,149.06,-9.950,-1.230,-3.410
241504,50.31,-66.56,149.00,-10.400,-1.530,-2.740
241516,51.63,-66.06,147.69,-10.480,-3.340,-4.330
241528,52.62,-65.62,147.25,-10.630,-3.030,-5.280
241540,52.88,-65.50,147.19,-10.100,-2.690,-5.650
241554,53.13,-65.37,147.19,-9.190,-1.390,-5.050
241566,53.25,-65.31,146.62,-7.810,-1.950,-4.470
241578,53.44,-65.19,146.31,-7.300,-0.300,-4.550
241590,53.56,-65.37,145.69,-7.370,-0.740,-4.010
241604,53.75,-65.50,145.06,-8.460,-1.750,-3.430
241616,53.63,-66.69,143.69,-9.290,-3.110,-2.070
241628,53.63,-67.06,143.25,-9.020,-2.900,-2.280
241640,53.75,-67.19,143.06,-8.490,-2.270,-2.210
241654,54.00,-67.19,143.13,-8.370,-2.490,-2.340
241666,54.31,-66.87,144.13,-9.000,-3.290,-2.470
241678,54.25,-66.75,144.81,-9.550,-2.490,-2.330
241690,54.13,-66.62,145.31,-9.100,-2.430,-2.510
241704,53.81,-66.62,146.13,-8.340,-2.060,-3.480
241716,52.94,-67.12,147.31,-8.260,-1.340,-2.910
241729,52.69,-67.37,147.56,-8.300,-1.430,-2.300
241741,52.69,-67.56,147.50,-8.500,-2.200,-1.880
241755,52.75,-67.69,147.56,-9.370,-3.290,-2.200
241767,52.94,-67.75,147.25,-8.600,-1.780,-2.720
241779,53.38,-67.69,145.94,-7.540,-1.050,-2.690
241791,53.81,-67.75,144.31,-7.070,-1.380,-2.660
241805,54.38,-67.94,142.75,-8.690,-2.690,-2.110
241817,56.31,-67.75,138.12,-9.490,-3.750,-2.490
241829,57.50,-67.50,135.75,-8.380,-3.220,-1.050
241841,58.75,-67.12,133.44,-6.570,-3.080,-1.630
241855,60.00,-66.81,131.37,-6.170,-2.680,-2.040
241867,61.88,-66.69,127.06,-6.350,-3.290,-1.670
241879,62.31,-66.75,125.06,-7.080,-2.670,-2.830
241891,62.50,-66.75,123.44,-5.650,-1.960,-1.240
241905,62.50,-66.75,122.31,-5.590,-3.050,0.770
241917,62.25,-66.56,121.44,-4.170,-2.480,0.080
241929,62.62,-66.12,121.19,-4.540,-2.890,4.220
241941,63.31,-65.69,120.94,-3.830,-1.440,0.280
241955,64.25,-65.31,120.94,-4.940,-1.480,0.970
241967,65.69,-64.62,121.87,-7.050,-2.850,-0.610
241980,66.06,-64.50,122.81,-7.950,-3.270,-0.990
241992,66.25,-64.50,124.06,-7.660,-3.250,-0.350
242006,66.50,-64.50,125.56,-7.220,-3.200,0.400
242018,67.69,-64.12,128.56,-8.510,-1.960,-0.630
242030,68.56,-63.94,129.56,-9.480,-1.390,-3.300
242067,68.37,-65.87,131.12,-14.110,-2.120,-1.060
242079,65.56,-68.56,132.19,-11.820,-2.640,-2.790
242091,63.44,-70.06,132.31,-8.880,-2.680,-3.550
242105,61.94,-71.44,131.63,-10.780,-0.750,-1.630
242118,61.75,-71.94,129.87,-9.670,-1.440,-3.260
242130,62.44,-72.06,124.69,-10.210,-0.680,-2.940
242142,63.25,-71.69,122.00,-10.830,-1.900,-3.440
242156,63.94,-71.31,119.56,-9.260,-4.110,-5.450
242168,62.19,-72.62,111.06,-10.550,-4.990,-2.200
242181,60.63,-73.50,106.06,-10.960,-3.050,0.490
242193,58.94,-74.37,101.81,-12.190,-3.930,2.280
242207,57.62,-75.25,99.25,-11.090,2.270,3.660
242219,56.63,-76.19,97.31,-6.850,-1.920,-1.330
242231,56.13,-76.69,95.00,-6.800,-3.200,-1.810
242243,55.50,-77.06,92.25,-4.410,-2.790,-1.860
242257,54.69,-77.44,88.31,-4.540,-3.940,-0.620
242269,53.56,-77.69,84.37,-7.050,-3.460,1.510
242281,53.50,-77.75,84.94,-9.170,-3.580,1.050
242293,53.50,-77.87,86.31,-11.960,-3.270,-0.780
242307,53.50,-78.00,87.81,-11.760,-3.280,-1.530
242319,54.00,-77.81,94.37,-14.510,-5.800,-0.430
242331,54.69,-77.25,97.69,-13.590,-4.580,0.720
242343,54.63,-77.37,97.69,-13.890,-4.650,0.610
242357,54.50,-77.62,97.37,-1