37683,14.50,-34.81,5.94,-4.600,-8.840,8.470
37697,14.38,-35.06,5.56,-4.270,-10.120,7.180
37709,14.44,-34.88,4.69,-5.990,-9.370,8.020
37721,14.94,-34.88,4.62,-7.650,-7.800,6.080
37733,15.44,-34.88,4.56,-6.620,-6.420,5.800
37747,16.19,-34.88,4.56,-4.500,-3.660,6.530
37759,18.12,-34.44,5.12,-6.230,-1.970,8.320
37771,19.00,-34.25,5.62,-7.330,2.190,9.870
37783,19.75,-34.25,6.00,-6.500,6.930,10.090
37797,20.31,-34.31,6.37,-5.950,8.840,8.340
37809,20.94,-34.50,7.06,-7.390,9.170,6.910
37821,21.00,-34.38,7.31,-9.760,10.010,9.520
37833,20.88,-33.94,7.62,-10.700,7.180,9.670
37847,20.75,-33.56,7.75,-12.040,5.750,9.410
37859,19.75,-33.00,7.37,-5.240,3.770,7.550
37872,19.00,-32.56,7.25,-6.640,1.140,8.160
37884,17.81,-32.63,6.69,-4.360,-1.660,7.450
37898,16.69,-32.63,6.06,-3.290,-3.920,7.260
37910,14.50,-33.56,5.12,-0.560,-7.270,8.870
37922,14.13,-34.06,5.37,2.540,-10.350,7.640
37934,13.94,-34.50,5.69,-1.810,-9.540,8.160
37948,13.88,-35.00,5.31,-6.870,-8.620,9.180
37960,13.13,-34.88,3.75,-4.580,-9.090,6.560
37972,13.19,-35.00,3.50,-4.580,-9.020,6.360
37984,13.50,-35.19,3.31,-6.930,-7.230,6.040
37998,14.25,-35.19,3.37,-4.610,-6.910,7.280
38010,16.31,-34.75,4.19,-5.550,-3.100,8.030
38022,17.44,-34.44,4.69,-5.600,-3.900,8.260
38034,18.37,-34.38,5.12,-5.530,0.200,9.600
38048,19.31,-34.38,5.50,-5.610,2.340,9.530
38060,20.50,-34.25,6.44,-9.110,8.010,9.430
38072,20.75,-34.25,6.75,-9.720,9.410,9.340
38084,20.88,-34.06,7.00,-10.790,10.780,8.780
38098,20.88,-33.69,7.19,-9.300,10.630,8.380
38110,20.50,-32.63,7.25,-10.360,7.510,7.770
38122,20.00,-32.19,7.00,-10.580,5.710,7.160
38134,19.19,-31.69,6.87,-5.310,4.540,6.290
38148,18.25,-31.31,6.69,-6.330,2.440,8.660
38160,17.12,-31.19,6.31,-5.510,-0.470,6.330
38173,14.38,-31.37,5.31,-3.790,-3.490,7.100
38185,12.81,-31.56,4.75,-3.200,-4.410,7.720
38199,11.44,-31.87,4.12,-3.100,-7.120,7.730
38211,10.06,-33.19,3.87,-1.570,-11.430,8.190
38223,9.69,-33.69,3.87,-1.940,-12.010,8.240
38235,9.50,-33.88,3.75,-3.120,-11.070,8.360
38249,9.44,-33.75,3.44,-3.050,-11.920,8.080
38261,10.13,-33.38,3.12,-3.720,-10.770,8.230
38273,10.81,-33.31,3.12,-6.010,-8.300,5.910
38285,11.81,-33.19,3.37,-4.570,-4.840,5.830
38299,12.94,-33.06,3.75,-2.300,-3.550,7.040
38311,15.06,-32.69,4.75,-6.920,1.220,10.670
38323,15.88,-32.50,5.31,-5.790,2.830,11.470
38335,16.50,-32.31,5.75,-8.930,5.560,11.190
38349,16.87,-32.19,6.06,-9.520,7.760,9.600
38361,16.81,-31.87,6.37,-8.330,12.420,7.560
38374,16.62,-31.44,6.56,-5.500,12.080,8.060
38386,16.37,-30.94,6.81,-9.920,10.160,7.590
38400,15.94,-30.50,6.87,-11.040,7.800,6.230
38412,14.38,-29.63,7.12,-8.340,4.850,6.260
38424,13.19,-29.37,6.94,-9.260,0.760,8.300
38436,11.81,-29.31,6.56,-8.440,-1.270,7.030
38450,10.31,-29.37,6.00,-5.430,-2.380,6.710
38462,7.37,-30.00,4.87,-3.220,-8.380,7.640
38474,6.31,-30.81,4.69,-0.940,-9.940,8.120
38486,5.69,-31.69,4.75,-0.970,-11.980,9.450
38500,5.44,-32.44,4.94,-0.410,-13.460,10.110
38537,5.50,-32.44,4.31,-1.630,-9.100,6.530
38551,6.00,-32.25,4.25,-4.340,-7.060,6.820
38563,7.81,-32.00,4.81,-1.230,-3.440,6.860
38575,8.94,-31.75,5.37,-8.220,1.210,8.080
38587,10.06,-31.56,5.94,-5.800,0.160,9.730
38601,11.00,-31.37,6.56,-7.950,1.810,8.470
38613,11.88,-31.12,7.62,-12.610,7.690,9.980
38625,11.94,-31.12,8.00,-13.370,9.170,9.760
38637,11.88,-31.06,8.25,-10.510,10.750,9.240
38651,11.69,-30.75,8.44,-7.510,10.650,11.060
38663,11.69,-30.12,8.88,-8.860,9.140,9.230
38675,11.31,-29.75,8.94,-6.290,6.940,6.320
38687,10.69,-29.37,9.13,-6.710,4.800,7.360
38701,9.69,-29.12,9.00,-6.690,3.980,7.930
38713,7.06,-29.19,7.87,-4.010,-2.250,5.140
38725,5.50,-29.31,7.12,-3.010,-4.400,6.230
38737,3.87,-29.56,6.31,-3.620,-6.210,8.470
38751,2.50,-30.06,5.56,-0.220,-8.650,5.920
38763,0.75,-31.25,5.06,-0.150,-10.000,6.130
38775,0.31,-31.69,5.00,-0.620,-10.590,7.110
38787,0.00,-31.94,4.94,-2.250,-12.190,7.720
38801,359.87,-32.00,4.69,-2.570,-11.780,8.020
38813,0.31,-31.81,4.69,-6.290,-7.310,8.670
38825,0.62,-31.75,4.81,-4.630,-5.970,7.450
38837,1.25,-31.69,5.12,-4.620,-1.450,10.400
38851,2.06,-31.50,5.50,-4.710,-3.370,11.600
38863,3.44,-31.12,6.25,-7.230,4.610,12.670
38876,3.87,-30.81,6.62,-7.040,7.220,11.740
38888,4.19,-30.50,6.94,-9.630,11.880,8.080
38902,4.31,-30.19,7.19,-10.880,13.320,6.800
38914,3.87,-29.00,8.00,-9.510,12.380,8.350
38926,3.37,-28.50,8.31,-11.980,7.700,6.680
38938,2.75,-28.06,8.56,-8.980,5.470,4.110
38952,2.06,-27.62,8.94,-6.940,5.250,5.560
38964,359.94,-27.19,8.88,-5.560,-1.140,6.170
38976,358.50,-27.19,8.63,-4.820,-4.270,8.100
38988,357.19,-27.44,8.31,-3.620,-5.590,8.930
39002,356.06,-28.00,8.13,0.130,-10.800,10.360
39014,355.06,-29.37,8.44,3.320,-12.910,9.280
39026,354.94,-29.75,8.56,-0.490,-12.490,10.160
39038,354.56,-29.63,7.87,-4.100,-12.590,8.490
39052,354.06,-29.19,7.00,-1.410,-10.930,6.460
39064,353.62,-28.56,6.06,-1.370,-6.090,6.830
39077,354.06,-28.56,5.75,0.270,-5.490,5.990
39089,354.75,-28.38,5.69,-0.430,-4.240,5.540
39103,355.69,-28.00,5.81,-3.140,-2.290,7.390
39115,357.50,-27.37,6.25,-8.600,1.330,10.520
39128,358.25,-27.31,6.50,-8.350,2.780,10.470
39140,358.75,-27.13,6.75,-11.020,6.450,12.130
39153,359.00,-27.00,7.00,-10.860,7.460,12.240
39166,359.00,-26.50,6.87,-8.800,9.510,10.270
39178,358.87,-25.88,6.94,-5.160,10.140,11.640
39190,358.81,-25.31,7.00,-6.780,8.750,10.510
39204,358.63,-25.00,6.94,-10.430,6.840,9.650
39216,357.19,-24.25,6.81,-3.630,4.310,5.740
39228,356.25,-24.00,6.62,-6.030,1.000,5.450
39240,355.00,-23.69,6.31,-4.960,-0.340,3.900
39254,353.62,-23.44,5.94,-3.960,-4.290,4.680
39266,350.81,-23.50,5.31,-2.200,-7.190,6.000
39278,349.69,-23.75,5.06,-0.820,-9.590,7.600
39290,348.87,-23.94,4.94,-0.260,-11.910,9.330
39304,348.38,-24.06,4.87,-0.780,-12.350,9.910
39316,347.94,-23.62,4.25,-1.840,-11.500,9.780
39328,348.00,-23.25,3.94,-0.790,-11.350,9.040
39340,348.44,-23.06,3.81,-1.960,-10.370,8.100
39354,349.00,-22.87,3.75,-4.040,-7.590,6.860
39366,350.81,-22.37,3.81,-1.710,-3.700,9.660
39378,351.81,-21.94,4.00,-3.830,1.030,9.760
39390,352.87,-21.50,4.19,-4.660,3.180,10.270
39404,353.88,-20.94,4.44,-6.920,5.090,11.760
39416,355.19,-19.87,4.75,-12.100,9.450,8.960
39428,355.50,-19.31,4.75,-10.330,12.670,7.140
39440,355.62,-18.75,4.81,-6.270,11.300,7.030
39454,355.75,-17.94,4.94,-7.230,10.690,9.340
39466,355.56,-16.44,5.06,-4.450,4.980,6.580
39478,355.06,-15.63,5.19,-1.450,4.630,6.960
39490,354.50,-14.87,5.37,-3.330,3.000,8.510
39504,353.62,-14.31,5.37,-4.980,-1.120,7.630
39541,348.44,-14.56,4.81,1.990,-9.540,7.740
39555,347.31,-14.81,4.69,1.540,-10.430,9.310
39567,346.44,-15.50,4.69,0.440,-11.510,9.600
39579,346.31,-15.50,4.50,-1.000,-11.410,10.010
39591,346.56,-15.75,4.25,0.110,-11.630,8.320
39605,347.12,-16.00,3.87,0.180,-10.900,8.200
39617,348.50,-16.19,3.62,-2.300,-6.660,5.900
39629,349.37,-16.19,3.69,-2.610,-1.320,10.310
39641,350.38,-16.25,3.75,-4.260,2.340,10.270
39655,351.31,-16.44,3.81,-3.220,0.750,12.410
39667,352.87,-16.56,4.00,-3.780,6.890,11.670
39679,353.25,-16.56,4.12,-8.660,12.230,8.240
39691,353.56,-16.56,4.19,-9.880,14.010,7.590
39705,353.56,-16.37,4.31,-5.540,12.400,7.410
39717,353.06,-15.63,4.62,-9.930,7.870,7.150
39729,352.44,-15.31,4.69,-5.620,5.520,4.700
39741,351.62,-14.81,4.94,-2.850,5.910,7.380
39755,350.62,-14.63,5.06,-5.300,0.760,8.420
39767,347.94,-14.81,4.81,-0.730,-4.030,8.440
39780,346.37,-15.00,4.69,-0.880,-4.830,10.080
39792,344.81,-15.31,4.50,2.870,-8.700,10.110
39806,343.50,-15.63,4.37,2.520,-9.800,10.600
39818,342.50,-16.94,4.50,-0.870,-10.900,9.450
39830,342.13,-17.25,4.31,-3.660,-11.920,9.320
39842,341.81,-17.44,3.87,-1.920,-11.920,7.090
39856,341.94,-17.75,3.56,-1.130,-11.410,7.280
39868,342.81,-18.25,3.12,-1.110,-8.140,9.090
39880,343.69,-18.44,3.06,-0.560,-6.190,6.610
39892,344.69,-18.50,3.19,-2.220,-4.170,10.860
39906,345.94,-18.44,3.31,-7.190,-0.780,11.490
39918,348.00,-18.56,3.56,-5.670,3.570,13.740
39930,348.75,-18.62,3.75,-6.630,8.110,12.830
39942,349.31,-18.62,3.87,-7.390,10.610,10.570
39956,349.69,-18.56,4.00,-9.030,12.490,9.080
39968,349.88,-17.75,4.31,-7.450,11.680,9.270
39981,349.75,-17.31,4.44,-8.700,9.110,7.530
39993,349.44,-16.94,4.56,-7.150,7.050,4.220
40007,348.87,-16.44,4.87,-5.530,4.010,8.520
40019,347.19,-15.75,5.25,-3.880,-0.560,7.460
40031,346.00,-15.69,5.25,-2.330,-2.520,7.530
40043,344.69,-15.88,5.25,-0.220,-6.650,9.360
40057,343.50,-16.37,5.19,2.290,-8.220,10.260
40069,342.19,-17.94,5.44,3.730,-12.950,10.280
40081,342.06,-18.62,5.75,-0.250,-12.220,10.090
40093,341.94,-18.94,5.69,-2.830,-12.030,10.190
40107,341.63,-18.87,5.06,-2.370,-12.860,8.080
40119,341.81,-19.00,4.37,-4.180,-7.670,6.660
40131,342.25,-19.25,4.12,-1.180,-7.580,7.310
40143,343.12,-19.50,3.94,-0.920,-3.820,6.350
40157,344.06,-19.50,4.00,-3.100,-2.410,8.970
40169,346.37,-19.44,4.31,-7.380,-0.040,10.780
40181,347.50,-19.50,4.44,-7.020,2.150,11.330
40193,348.44,-19.56,4.50,-7.310,4.510,11.900
40207,349.06,-19.56,4.62,-7.860,7.000,10.940
40219,349.88,-19.37,4.75,-5.230,11.650,8.370
40231,350.19,-19.06,4.81,-3.590,12.430,9.240
40243,350.38,-18.37,5.06,-7.080,12.470,9.730
40257,350.50,-17.81,5.19,-10.240,7.430,6.910
40269,350.31,-17.19,5.25,-4.990,5.820,7.500
40282,349.37,-15.94,5.50,-6.110,2.120,7.420
40294,348.50,-15.56,5.50,-3.280,-0.580,7.290
40308,347.50,-15.31,5.37,-1.940,-3.870,8.600
40320,344.94,-15.44,5.06,2.490,-9.400,11.070
40332,344.00,-15.81,4.94,5.200,-13.710,12.330
40344,343.81,-16.50,5.25,9.060,-14.030,8.770
40358,344.13,-17.06,5.87,1.430,-12.480,10.640
40370,343.75,-17.00,4.81,-2.620,-11.330,7.540
40382,343.37,-17.00,4.19,0.300,-8.940,4.970
40394,343.56,-17.31,3.87,-0.940,-5.740,5.870
40408,343.94,-17.62,3.69,1.020,-5.300,7.170
40420,345.88,-17.87,3.69,-1.870,-3.400,6.790
40432,347.06,-17.81,3.87,-8.270,-2.470,9.270
40444,348.19,-17.81,4.06,-6.050,1.180,10.130
40458,349.25,-18.06,4.25,-7.420,1.450,11.240
40470,350.75,-18.56,4.44,-6.970,7.360,11.460
40483,351.19,-18.75,4.56,-8.430,9.720,10.890
40495,351.56,-18.87,4.56,-7.160,11.070,10.420
40509,351.81,-18.75,4.56,-4.450,12.160,10.060
40545,351.25,-17.19,4.56,-3.380,5.470,7.810
40559,350.62,-16.87,4.69,-5.430,2.140,9.130
40571,348.50,-16.81,4.50,-0.770,-1.670,8.660
40583,347.06,-17.19,4.25,-0.470,-2.090,9.670
40595,345.44,-17.56,3.94,0.720,-4.710,8.530
40609,343.94,-18.31,3.69,2.540,-6.130,8.970
40621,342.37,-20.56,3.75,4.010,-12.380,8.460
40633,342.25,-21.50,4.12,-4.430,-11.310,11.020
40645,341.75,-22.00,3.69,-4.520,-13.770,7.110
40659,341.12,-22.06,3.00,-4.180,-11.870,8.060
40671,341.12,-22.25,2.31,-4.680,-9.660,8.790
40683,341.69,-22.37,2.12,-0.930,-7.190,7.260
40695,342.75,-22.44,2.06,-2.470,-5.090,7.350
40709,344.06,-22.25,2.19,-3.280,-3.600,8.970
40721,346.87,-21.87,2.62,-7.380,0.420,10.840
40734,348.13,-21.87,2.81,-6.270,2.030,11.520
40746,349.19,-21.87,3.06,-8.540,5.060,11.390
40760,350.00,-21.94,3.31,-9.690,8.910,11.890
40772,350.87,-21.75,3.44,-7.670,12.940,8.440
40784,351.19,-21.50,3.37,-3.960,12.470,7.990
40796,351.44,-20.88,3.44,-5.160,12.270,8.230
40810,351.56,-20.19,3.44,-5.760,10.560,4.850
40822,351.25,-18.87,3.62,-5.160,5.190,6.580
40834,350.75,-18.25,3.87,-5.210,2.940,5.200
40846,350.00,-17.94,4.00,-5.720,0.440,7.520
40860,349.06,-17.94,3.94,-5.320,-2.820,7.120
40872,346.87,-18.31,3.75,-1.460,-7.200,10.430
40885,345.81,-18.81,3.50,-0.310,-9.050,10.400
40897,345.06,-19.31,3.25,0.710,-11.590,11.080
40911,344.56,-19.87,3.00,0.050,-12.380,11.090
40923,344.13,-20.50,2.62,-1.350,-12.470,11.380
40935,344.13,-20.50,2.37,-1.380,-11.160,10.070
40947,344.37,-20.44,2.06,-0.420,-10.640,9.480
40961,344.94,-20.50,1.87,-1.520,-10.060,9.400
40973,346.56,-20.62,1.75,0.670,-2.010,7.070
40985,347.63,-20.81,1.62,0.000,-1.570,7.280
40997,348.81,-20.88,1.81,-1.640,2.990,8.140
41011,350.06,-20.94,2.00,-4.870,4.030,8.780
41023,351.69,-21.31,2.50,-9.740,7.780,9.030
41035,352.00,-21.62,2.62,-10.200,9.570,8.920
41047,352.13,-21.94,2.75,-9.710,11.420,7.880
41061,352.19,-21.87,2.87,-7.440,10.540,8.910
41073,352.13,-21.37,3.12,-8.130,8.310,8.740
41085,351.75,-20.94,3.19,-7.450,6.880,7.680
41097,351.19,-20.50,3.37,-5.380,5.930,8.110
41111,350.56,-20.37,3.44,-4.980,5.320,8.800
41123,348.81,-20.62,3.12,-3.480,-1.120,7.100
41135,347.69,-20.75,2.81,-2.410,-2.080,6.820
41147,346.56,-21.06,2.44,-1.220,-5.410,8.610
41161,345.75,-21.62,2.12,0.640,-8.020,7.910
41173,344.87,-23.00,2.12,1.430,-10.530,8.930
41186,344.87,-23.56,2.25,-0.160,-10.100,7.940
41198,344.81,-23.75,2.00,-2.750,-9.170,8.140
41212,344.87,-23.69,1.50,-2.450,-11.130,7.870
41224,345.56,-23.31,1.31,-3.390,-10.830,9.450
41236,346.25,-23.38,1.44,-5.040,-8.820,9.470
41248,347.12,-23.62,1.44,-3.800,-7.510,9.480
41262,348.13,-23.81,1.44,-1.030,-1.760,9.390
41274,350.38,-24.00,1.81,-4.540,2.480,10.780
41286,351.37,-24.06,2.06,-4.930,4.880,10.770
41298,352.19,-24.12,2.31,-6.750,7.320,11.450
41312,352.62,-24.31,2.44,-8.540,10.120,9.800
41324,353.06,-24.50,2.50,-6.560,12.400,6.960
41336,353.06,-24.12,2.62,-7.040,12.770,8.450
41348,353.00,-23.75,2.75,-9.020,11.100,8.920
41362,352.81,-23.38,2.69,-11.340,8.990,8.480
41374,351.75,-22.50,2.75,-5.230,5.320,7.760
41387,351.00,-22.19,2.69,-5.950,1.950,8.540
41399,350.00,-22.06,2.56,-3.220,-0.200,7.790
41413,348.87,-22.13,2.25,-2.110,-2.240,8.520
41425,346.69,-22.87,1.44,0.010,-5.860,8.490
41437,346.06,-23.56,1.31,2.190,-9.970,9.600
41449,345.81,-24.37,1.56,3.740,-12.210,10.020
41463,345.88,-25.12,1.94,1.550,-11.210,8.830
41475,345.69,-25.19,0.69,-2.660,-11.190,7.030
41487,345.75,-24.87,0.19,-1.390,-10.450,7.190
41499,346.00,-24.69,0.06,-2.530,-9.960,7.890
41513,346.56,-24.87,0.06,-3.080,-7.520,8.600
41550,350.94,-24.69,0.69,-6.250,1.150,10.670
41564,351.94,-24.75,0.88,-7.130,2.390,11.410
41576,353.31,-24.87,1.25,-7.340,9.040,9.540
41588,353.62,-24.94,1.44,-7.420,10.860,8.260
41600,353.88,-24.87,1.56,-10.010,12.970,7.850
41614,354.00,-24.56,1.81,-6.670,12.510,7.180
41626,354.00,-23.62,2.12,-11.000,9.660,8.310
41638,353.69,-23.12,2.12,-9.900,7.470,4.890
41650,353.25,-22.50,2.31,-5.930,4.960,7.610
41664,352.62,-22.06,2.31,-6.060,1.970,7.600
41676,350.69,-21.69,2.06,-3.280,-0.830,7.440
41688,349.56,-21.81,1.75,-1.790,-5.220,9.670
41700,348.38,-22.00,1.44,-0.900,-7.370,9.430
41714,347.75,-22.50,1.31,1.170,-9.610,10.140
41726,347.37,-23.44,1.50,0.480,-13.110,11.530
41738,347.44,-23.50,1.37,-0.530,-11.180,10.930
41750,347.44,-23.25,0.94,-0.710,-11.200,9.900
41764,347.75,-23.06,0.56,-0.610,-9.170,8.450
41776,349.19,-22.94,0.31,-3.480,-6.940,6.640
41788,350.06,-22.87,0.31,-3.150,-4.970,4.720
41800,351.06,-22.87,0.44,-1.590,-2.370,7.090
41814,352.00,-22.94,0.69,-8.020,1.160,8.120
41826,353.81,-23.25,1.06,-5.620,3.210,10.280
41838,354.44,-23.44,1.25,-7.350,6.090,10.670
41850,354.75,-23.75,1.37,-7.090,7.920,8.780
41864,354.94,-24.06,1.56,-7.930,10.940,8.380
41876,354.81,-24.37,1.94,-4.240,11.600,10.230
41889,354.69,-24.19,2.12,-6.440,11.860,11.270
41901,354.44,-23.94,2.12,-7.650,7.650,6.740
41915,354.00,-23.50,2.00,-7.300,6.210,6.190
41927,352.62,-22.87,1.69,-5.130,2.470,6.770
41939,351.75,-22.87,1.31,-5.570,-1.630,6.360
41951,350.69,-22.94,0.88,-3.760,-3.380,6.630
41965,349.56,-23.12,0.37,-2.970,-5.350,8.590
41977,347.81,-24.00,-0.37,-0.250,-10.460,10.210
41989,347.37,-24.44,-0.50,0.120,-11.530,11.760
42001,347.25,-24.75,-0.50,-0.630,-12.190,12.420
42015,347.31,-24.81,-0.69,-1.970,-11.290,12.130
42027,347.94,-24.50,-1.12,-0.890,-9.710,9.630
42039,348.69,-24.44,-1.12,-3.770,-6.350,8.510
42051,349.50,-24.50,-1.12,-4.360,-4.180,6.500
42065,350.50,-24.63,-1.12,-0.280,-3.220,5.390
42077,352.62,-24.63,-0.50,-4.980,2.370,9.380
42090,353.75,-24.69,-0.19,-6.140,2.880,8.560
42102,354.75,-24.75,0.13,-6.100,4.300,8.960
42116,355.44,-24.87,0.50,-9.180,6.160,9.270
42128,356.13,-25.44,1.31,-10.660,9.260,8.820
42140,356.25,-25.75,1.75,-8.540,9.770,8.080
42152,356.25,-25.81,2.31,-5.250,9.050,10.420
42166,356.19,-25.88,2.94,-6.290,8.440,9.430
42178,355.50,-25.69,3.94,-6.590,6.080,9.550
42190,354.87,-25.37,4.31,-3.600,4.230,9.130
42202,354.25,-25.19,4.44,-4.450,1.310,9.170
42216,353.44,-25.12,4.31,-4.950,0.380,7.190
42228,351.44,-25.06,3.69,-2.570,-4.720,6.380
42240,350.44,-25.19,3.37,-2.980,-6.280,6.750
42252,349.56,-25.31,3.19,-1.550,-7.840,5.740
42266,349.00,-25.75,3.19,-1.210,-10.090,7.690
42278,348.94,-26.50,3.69,-2.890,-10.940,9.170
42290,349.19,-26.62,3.75,-3.070,-11.740,9.630
42302,349.62,-26.56,3.62,-1.780,-11.180,8.390
42316,350.44,-26.50,3.62,-2.120,-10.730,8.690
42328,352.19,-26.56,3.81,-0.420,-4.060,6.460
42340,353.31,-26.69,4.00,-1.300,-1.400,8.480
42352,354.38,-26.69,4.37,-2.260,1.030,7.890
42366,355.44,-26.81,4.81,-2.800,2.790,9.930
42378,357.06,-27.25,5.69,-8.200,7.880,10.510
42391,357.50,-27.44,6.00,-9.630,9.600,9.100
42403,357.69,-27.56,6.19,-9.890,10.090,9.180
42417,357.69,-27.50,6.44,-8.370,8.520,9.750
42429,357.56,-26.94,7.12,-8.720,7.090,11.890
42441,357.25,-26.62,7.06,-10.320,4.580,9.350
42453,356.50,-26.19,6.94,-4.820,5.160,6.680
42467,355.69,-25.69,6.87,-3.310,5.230,8.040
42479,353.69,-25.19,6.44,-3.730,0.970,4.810
42491,352.44,-25.19,6.19,-3.690,-2.030,5.740
42503,351.06,-25.31,5.87,-3.860,-2.870,6.120
42517,349.94,-25.75,5.75,0.440,-7.600,6.960
42553,349.25,-27.56,6.44,-6.330,-13.670,6.610
42567,349.06,-27.37,5.69,-3.640,-13.000,5.320
42579,349.50,-27.19,5.37,-4.390,-9.140,9.310
42592,350.19,-27.31,5.37,-0.910,-9.090,9.880
42604,351.25,-27.44,5.37,0.290,-7.030,7.580
42618,352.38,-27.25,5.50,-1.070,-3.380,9.420
42630,354.69,-27.06,6.06,-3.610,2.570,9.340
42642,355.56,-27.25,6.31,-5.290,4.650,9.950
42654,356.13,-27.56,6.62,-8.830,9.930,9.490
42668,356.44,-27.87,6.94,-11.020,11.520,8.470
42680,356.56,-28.19,7.31,-8.210,10.210,7.090
42692,356.38,-27.87,7.69,-10.360,8.790,10.880
42704,356.19,-27.62,7.94,-12.500,6.960,10.250
42718,355.81,-27.37,7.94,-11.190,5.340,8.060
42730,354.50,-26.50,8.31,-7.260,2.270,9.540
42742,353.62,-26.31,8.25,-6.170,-0.260,8.220
42754,352.62,-26.31,8.06,-3.400,-0.520,6.320
42768,351.50,-26.50,7.75,-1.850,-4.570,8.250
42780,349.69,-27.56,7.31,1.770,-8.290,7.420
42792,349.25,-28.31,7.44,2.590,-11.450,8.780
42804,349.31,-29.06,7.87,0.810,-12.130,6.490
42818,349.37,-29.44,8.00,-4.680,-10.210,8.540
42830,349.12,-29.31,6.81,-2.000,-11.880,6.210
42843,349.25,-29.19,6.56,-4.350,-10.710,7.550
42855,349.56,-29.19,6.31,-5.740,-8.950,8.710
42869,350.31,-29.44,6.00,-0.560,-10.090,6.730
42881,352.69,-29.25,6.12,-5.740,-6.080,8.970
42893,353.88,-29.12,6.37,-6.060,-1.070,8.810
42905,355.06,-29.19,6.56,-6.200,1.510,10.450
42919,355.94,-29.31,6.81,-8.180,5.440,10.530
42931,356.69,-29.81,7.12,-10.020,9.300,11.340
42943,356.75,-30.06,7.12,-9.410,13.460,8.760
42955,356.81,-30.12,7.06,-7.590,14.090,7.570
42969,356.94,-29.94,7.06,-6.490,13.160,8.710
42981,356.94,-29.00,7.19,-10.350,7.400,3.770
42993,356.63,-28.50,7.31,-6.710,7.120,5.160
43005,356.25,-27.87,7.50,-6.900,4.560,7.840
43019,355.81,-27.44,7.62,-7.270,-0.760,6.410
43031,354.06,-26.94,7.50,-4.440,-5.860,8.990
43044,353.00,-26.87,7.31,-2.050,-6.190,9.410
43056,351.94,-27.00,6.94,-0.900,-10.280,10.340
43070,351.19,-27.19,6.44,0.890,-12.290,9.970
43082,350.75,-27.44,5.94,-0.390,-12.800,8.960
43094,350.87,-27.31,5.69,-0.780,-11.760,8.010
43106,351.12,-27.06,5.31,-1.250,-10.620,7.590
43120,351.75,-26.81,4.94,-0.410,-10.710,7.360
43132,353.31,-26.56,4.56,-4.560,-5.370,4.290
43144,354.25,-26.56,4.44,-1.300,-2.340,5.930
43156,355.37,-26.56,4.50,-5.460,1.600,9.100
43170,356.44,-26.62,4.62,-6.660,-0.270,10.870
43182,358.25,-26.81,4.87,-8.480,3.110,12.060
43194,358.75,-27.00,4.94,-9.690,8.200,9.030
43206,359.06,-27.13,5.00,-8.180,10.120,8.810
43220,359.12,-27.25,5.12,-9.580,12.490,7.420
43232,358.87,-27.13,5.62,-8.410,10.000,9.500
43244,358.69,-26.81,5.87,-10.070,7.870,8.050
43256,358.31,-26.37,5.94,-9.760,6.560,6.990
43270,357.81,-26.06,6.12,-6.980,4.260,6.510
43282,356.38,-25.75,6.12,-7.430,0.790,5.760
43294,355.25,-25.75,5.87,-5.070,-0.200,6.130
43306,354.00,-25.88,5.62,-3.580,-3.370,8.710
43320,352.69,-26.37,5.25,-0.750,-6.130,8.100
43332,351.00,-28.19,5.00,6.230,-13.730,8.130
43345,350.94,-29.25,5.62,1.160,-12.280,8.920
43357,351.06,-30.06,6.12,-6.590,-11.900,11.530
43371,350.81,-30.19,5.44,-7.780,-13.080,10.360
43383,350.25,-29.94,3.81,-2.000,-9.770,7.240
43395,350.13,-29.81,3.50,-3.550,-7.380,7.830
43407,350.50,-29.81,3.25,-0.160,-5.440,7.300
43421,351.44,-29.81,3.19,-1.480,-2.840,6.510
43433,353.81,-29.25,3.69,-7.320,-1.170,8.980
43445,354.87,-29.06,3.94,-8.250,3.590,9.250
43457,355.81,-29.00,4.06,-8.580,5.820,8.390
43471,356.50,-29.06,4.25,-8.900,7.510,9.290
43483,357.19,-29.06,4.62,-10.970,10.620,7.950
43495,357.31,-28.94,4.69,-8.300,9.490,8.960
43507,357.25,-28.50,5.00,-8.620,9.690,11.180
43521,357.19,-28.06,5.19,-10.960,7.460,9.370
43557,355.00,-26.37,5.44,-3.870,0.710,5.490
43571,354.06,-26.25,5.31,-2.530,-1.140,5.810
43583,352.94,-26.31,5.06,0.410,-7.570,6.930
43596,351.25,-27.19,4.62,0.730,-9.490,7.570
43608,350.81,-27.87,4.62,0.470,-12.400,9.170
43622,350.75,-28.44,4.81,0.330,-12.440,7.830
43634,350.94,-28.69,4.12,-3.800,-14.010,8.720
43646,351.12,-28.25,3.50,-2.480,-12.820,8.120
43658,351.50,-27.75,3.19,-4.060,-9.780,9.990
43672,352.00,-27.25,2.94,-2.700,-9.510,9.840
43684,354.19,-26.81,2.56,0.150,-3.930,8.490
43696,355.62,-26.44,2.62,-3.990,1.250,9.500
43708,356.94,-26.19,2.87,-4.790,2.090,9.840
43722,358.25,-26.12,3.19,-4.800,3.740,10.080
43734,359.75,-26.25,3.81,-9.640,10.530,10.240
43746,0.00,-26.31,3.87,-9.580,12.740,9.460
43758,0.13,-26.44,3.81,-8.900,13.930,7.880
43772,0.19,-26.31,3.75,-7.210,12.810,8.850
43784,0.25,-25.62,3.75,-11.860,9.450,6.050
43797,0.06,-25.37,3.69,-8.920,7.300,2.720
43809,359.87,-25.06,3.87,-7.020,4.220,6.300
43823,359.62,-24.87,4.12,-6.770,2.000,7.620
43835,358.25,-24.56,4.00,-3.160,-3.870,8.250
43847,357.19,-24.50,3.69,-2.250,-6.300,9.270
43859,356.19,-24.50,3.37,-2.120,-7.190,10.660
43873,355.25,-24.69,3.00,-1.070,-9.050,9.980
43885,353.94,-25.25,2.37,0.820,-11.600,10.540
43897,353.69,-25.31,2.12,0.360,-11.470,10.480
43909,353.56,-25.25,1.81,-0.980,-9.860,8.930
43923,353.50,-25.06,1.37,-0.630,-8.940,8.000
43935,354.06,-24.87,0.62,-1.340,-8.680,7.790
43947,354.75,-24.94,0.50,-3.320,-4.710,4.880
43959,355.50,-25.00,0.44,-2.200,-2.540,6.210
43973,356.44,-25.00,0.50,-1.910,-2.360,7.810
43985,358.50,-25.19,0.88,-6.730,2.210,8.820
43998,359.44,-25.37,1.19,-7.470,3.970,10.270
44010,0.13,-25.50,1.50,-9.940,6.790,10.140
44024,0.62,-25.69,1.81,-10.480,9.350,10.790
44036,1.06,-25.94,2.19,-9.840,10.250,8.550
44048,1.12,-25.81,2.25,-8.060,9.910,9.900
44060,1.12,-25.44,2.37,-8.510,8.190,8.470
44074,1.12,-25.00,2.44,-9.250,6.310,8.370
44086,0.37,-23.75,2.44,-4.290,2.130,8.370
44098,0.00,-23.44,2.44,-4.770,1.040,7.440
44110,359.37,-23.12,2.31,-4.230,-0.830,7.330
44124,358.50,-22.81,2.06,-2.090,-2.090,7.250
44136,356.63,-22.81,1.25,-0.640,-6.460,7.880
44148,355.69,-23.00,0.75,0.400,-8.110,7.600
44160,355.12,-23.31,0.37,-0.760,-9.840,8.180
44174,354.81,-23.56,0.19,-1.060,-9.930,8.030
44186,354.69,-23.69,-0.19,-2.810,-9.750,9.030
44198,355.00,-23.62,-0.50,-1.910,-10.010,8.290
44210,355.75,-23.69,-0.56,-2.690,-9.050,7.640
44224,356.44,-23.69,-0.69,-4.410,-7.600,6.630
44236,358.56,-23.81,-0.25,0.000,-3.500,9.220
44248,359.62,-23.94,0.00,-4.710,-0.270,9.230
44260,0.69,-24.00,0.37,-2.560,1.060,10.630
44274,1.62,-24.19,0.75,-3.490,5.610,11.520
44286,2.69,-24.50,1.25,-6.680,9.640,9.570
44299,2.87,-24.63,1.37,-8.760,12.070,9.360
44311,3.00,-24.63,1.44,-7.240,12.320,6.660
44325,2.94,-24.37,1.56,-7.710,12.380,8.500
44337,2.62,-23.62,1.62,-9.310,6.510,6.250
44349,2.12,-23.06,1.62,-7.740,5.640,6.480
44361,1.69,-22.87,1.69,-5.300,5.020,7.800
44375,1.06,-22.81,1.56,-6.560,1.950,8.300
44387,359.12,-22.87,1.06,-2.840,-3.170,8.220
44399,358.19,-23.25,0.75,-3.030,-5.180,10.600
44411,357.44,-23.75,0.56,0.100,-9.590,10.420
44425,357.00,-24.37,0.44,0.330,-10.970,10.600
44437,357.06,-25.12,0.62,0.340,-13.270,11.120
44449,357.25,-25.06,0.44,-1.540,-11.270,9.940
44461,357.56,-24.75,0.06,-1.180,-11.560,9.050
44475,358.06,-24.19,0.00,-0.400,-9.770,7.860
44487,359.62,-23.69,0.00,-3.420,-6.250,6.450
44499,0.75,-23.62,0.13,-1.800,-4.140,4.790
44511,2.00,-23.50,0.44,-1.990,-1.550,6.450
44525,3.25,-23.38,0.88,-5.640,2.170,7.520
44562,6.56,-23.75,2.62,-9.730,8.480,11.050
44576,6.81,-23.94,2.87,-10.090,9.770,11.030
44588,7.12,-23.69,3.25,-4.540,11.440,11.010
44600,7.19,-23.25,3.25,-5.360,10.520,9.280
44612,7.12,-22.75,3.12,-7.440,8.800,7.830
44626,6.87,-22.37,3.06,-7.410,7.030,7.010
44638,5.87,-21.81,2.81,-4.090,2.130,7.050
44650,5.00,-21.69,2.37,-4.400,0.110,5.910
44662,4.00,-21.62,1.87,-2.030,-3.310,6.120
44676,3.06,-21.69,1.44,-2.010,-5.090,7.700
44689,1.62,-22.50,0.69,-1.580,-8.530,7.860
44701,1.31,-22.94,0.56,-1.030,-10.620,9.610
44713,1.31,-23.19,0.44,-1.760,-11.150,10.130
44727,1.50,-23.31,0.13,-2.850,-11.420,10.840
44739,2.25,-22.87,-0.69,-2.260,-10.430,10.450
44751,3.12,-22.69,-0.88,-2.500,-10.390,9.390
44763,4.12,-22.69,-1.06,-4.860,-7.940,8.480
44777,5.31,-22.81,-1.19,-0.320,-4.940,7.280
44789,7.75,-23.00,-0.75,-1.860,1.400,7.610
44801,8.94,-23.06,-0.44,-3.510,2.990,9.810
44813,9.94,-23.25,-0.06,-5.980,6.820,11.260
44827,10.75,-23.38,0.13,-6.900,7.910,10.400
44839,11.75,-23.69,0.31,-9.350,12.490,7.180
44851,12.06,-23.75,0.37,-7.950,11.760,6.350
44863,12.25,-23.56,0.50,-8.110,11.390,7.660
44877,12.37,-23.38,0.56,-8.610,10.100,7.600
44889,12.19,-22.81,0.81,-4.850,5.420,7.380
44901,11.88,-22.50,1.06,-3.800,4.890,7.740
44913,11.38,-22.44,1.19,-4.690,2.280,8.710
44927,10.69,-22.69,1.12,-3.470,0.800,7.550
44939,8.50,-23.62,0.56,-0.540,-1.670,7.290
44951,7.50,-24.44,0.31,-0.300,-6.160,7.880
44963,6.62,-25.56,0.25,0.330,-7.850,7.760
44977,6.00,-26.75,0.25,-1.560,-9.550,9.190
44989,5.37,-28.62,0.31,-3.700,-11.170,10.470
45002,5.31,-29.12,0.00,-3.440,-11.240,9.830
45014,5.37,-29.06,-0.62,-3.680,-11.320,9.040
45028,5.62,-28.75,-1.12,-3.430,-10.080,8.510
45040,6.69,-28.00,-1.50,-8.510,-6.570,9.190
45052,7.50,-28.06,-1.69,-7.030,-4.970,7.760
45064,8.44,-28.19,-1.75,-3.810,-0.270,7.280
45078,9.50,-28.19,-1.56,-7.210,2.210,8.640
45090,11.50,-28.31,-0.94,-6.020,7.110,11.820
45102,12.25,-28.31,-0.75,-7.930,9.560,10.310
45114,12.75,-28.25,-0.69,-7.050,10.830,9.200
45128,13.19,-28.06,-0.62,-7.350,11.890,7.150
45140,13.62,-27.37,-0.06,-8.060,10.720,7.070
45152,13.50,-27.25,0.00,-9.760,8.800,5.820
45164,13.19,-27.00,0.06,-6.040,5.150,5.130
45178,12.63,-26.81,0.25,-7.400,4.080,8.810
45190,10.94,-27.00,-0.25,-4.710,0.330,8.040
45202,9.94,-27.44,-0.69,-2.900,-3.660,9.160
45214,9.06,-28.25,-1.06,-0.970,-5.060,8.540
45228,8.44,-29.12,-1.25,-1.250,-7.710,10.490
45240,7.94,-30.62,-0.56,-5.200,-8.490,9.530
45253,8.13,-31.50,-0.62,-7.740,-9.980,12.050
45265,8.00,-31.81,-1.62,-5.940,-11.330,9.210
45279,7.87,-31.56,-2.37,-1.810,-8.210,7.870
45291,8.63,-31.50,-2.56,-5.560,-5.300,7.220
45303,9.44,-31.62,-2.37,-3.400,-5.090,7.470
45315,10.56,-31.56,-2.06,-3.790,-2.130,6.340
45329,11.81,-31.50,-1.69,-4.280,-1.000,6.760
45341,14.06,-31.37,-0.69,-8.890,3.410,9.030
45353,14.94,-31.56,-0.25,-8.630,5.240,8.760
45365,15.63,-31.75,0.19,-8.890,6.520,9.770
45379,16.12,-31.94,0.56,-9.910,8.070,10.290
45391,16.56,-32.06,0.94,-7.980,9.460,9.660
45403,16.69,-31.69,1.12,-5.130,10.170,9.710
45415,16.69,-31.25,1.25,-8.350,9.730,7.980
45429,16.50,-30.94,1.06,-9.610,8.100,6.860
45441,15.25,-30.19,0.62,-2.490,6.620,3.390
45453,14.38,-30.00,0.44,-5.810,2.680,5.690
45465,13.38,-30.06,0.00,-5.450,-0.110,5.590
45479,12.25,-30.31,-0.44,-4.940,-1.050,5.770
45491,10.00,-31.25,-1.62,-4.170,-5.970,7.160
45504,9.06,-31.87,-2.12,-3.430,-7.600,7.320
45516,8.44,-32.50,-2.31,-3.470,-8.680,8.830
45530,8.13,-33.00,-2.44,-5.260,-10.280,10.150
45566,8.56,-33.38,-3.69,-5.090,-9.490,8.130
45580,8.94,-33.13,-3.75,-6.130,-5.990,8.820
45592,10.38,-32.94,-3.69,-3.860,0.200,8.130
45604,11.25,-32.94,-3.37,-2.520,2.340,8.830
45616,12.25,-32.94,-2.94,-5.020,3.500,10.320
45630,13.00,-32.94,-2.44,-5.450,4.990,10.090
45642,14.06,-32.88,-1.87,-10.330,9.790,8.860
45654,14.31,-32.75,-1.87,-11.990,11.820,7.350
45666,14.38,-32.50,-1.94,-8.640,11.730,5.030
45680,14.31,-32.13,-1.87,-9.820,11.370,6.940
45692,13.88,-31.12,-1.62,-10.480,8.040,6.640
45705,13.38,-30.56,-1.62,-7.730,5.430,6.900
45717,12.81,-30.25,-1.50,-5.240,4.710,7.230
45731,12.19,-30.06,-1.37,-5.960,2.380,9.620
45743,10.25,-29.87,-2.06,-3.910,-1.620,7.540
45755,9.13,-29.87,-2.56,-3.180,-2.620,6.890
45767,7.87,-29.94,-3.12,-2.870,-4.440,8.310
45781,6.87,-30.25,-3.62,-1.830,-7.000,8.190
45793,5.44,-31.00,-4.25,-0.810,-8.600,8.650
45805,5.06,-31.31,-4.44,-1.560,-9.300,8.970
45817,4.87,-31.37,-4.75,-2.410,-8.010,7.950
45831,4.87,-31.25,-5.12,-2.330,-8.070,7.570
45843,5.69,-31.00,-5.44,-5.520,-6.290,5.050
45855,6.00,-30.62,-5.37,-7.350,-3.400,7.450
45867,6.50,-30.56,-5.37,-4.570,-2.280,5.970
45881,7.37,-30.56,-5.12,-3.250,-0.530,7.280
45893,9.06,-30.50,-4.50,-7.030,3.840,10.380
45905,9.75,-30.44,-4.12,-7.060,5.120,10.430
45917,10.31,-30.44,-3.75,-8.370,8.320,10.740
45931,10.63,-30.50,-3.56,-8.440,10.250,9.550
45943,10.69,-30.37,-3.37,-6.070,10.700,7.160
45956,10.63,-29.94,-3.06,-7.950,11.390,7.920
45968,10.56,-29.50,-2.87,-10.620,9.530,7.450
45982,10.31,-29.06,-2.94,-12.120,7.290,6.090
45994,9.00,-28.06,-3.06,-6.730,3.070,7.750
46006,8.25,-27.94,-3.31,-4.960,1.110,6.240
46018,7.25,-27.75,-3.69,-2.830,0.490,5.520
46032,6.25,-27.69,-4.06,-3.060,-2.920,8.230
46044,4.31,-28.12,-4.81,-1.220,-6.020,8.270
46056,3.50,-28.50,-5.00,-0.260,-6.970,8.810
46068,3.06,-29.00,-5.00,-1.430,-8.900,10.690
46082,2.81,-29.50,-4.94,-2.260,-8.910,11.120
46094,2.75,-29.81,-5.44,-2.310,-8.320,9.860
46106,3.00,-29.69,-5.81,-1.930,-7.330,9.890
46118,3.50,-29.50,-5.94,-2.420,-7.440,8.590
46132,4.06,-29.44,-5.94,-3.690,-5.410,7.540
46144,5.56,-29.75,-5.94,-2.810,-0.390,6.170
46156,6.37,-29.81,-5.69,-5.940,4.340,7.220
46168,7.25,-30.00,-5.31,-7.080,4.860,9.630
46182,8.00,-30.12,-5.06,-7.610,4.550,9.480
46194,8.88,-30.19,-4.56,-10.430,7.910,10.060
46207,9.13,-30.19,-4.37,-11.190,10.450,8.530
46219,9.31,-30.06,-4.31,-9.420,8.810,8.330
46233,9.38,-29.63,-4.12,-8.220,9.440,8.140
46245,9.25,-28.62,-3.87,-8.990,7.210,6.870
46257,8.94,-28.06,-3.81,-6.220,6.040,5.050
46269,8.56,-27.44,-3.62,-5.350,5.600,5.900
46283,8.06,-27.00,-3.62,-5.540,2.080,7.130
46295,6.62,-26.37,-4.00,-3.070,-0.970,6.710
46307,5.87,-26.31,-4.25,-2.210,-3.050,7.880
46319,5.12,-26.31,-4.44,-0.690,-5.260,8.220
46333,4.56,-26.50,-4.62,0.330,-7.400,8.140
46345,3.81,-26.87,-4.75,-0.950,-9.070,9.590
46357,3.75,-27.13,-4.81,-1.740,-8.790,10.380
46369,3.87,-27.37,-5.00,-2.150,-8.810,10.650
46383,4.06,-27.44,-5.37,-2.010,-7.900,10.410
46395,4.94,-27.44,-5.69,-4.090,-3.920,8.180
46408,5.50,-27.69,-5.81,-3.380,-1.580,6.260
46420,6.25,-27.94,-5.94,-1.500,0.500,6.110
46434,7.06,-28.00,-5.81,-5.410,5.020,7.170
46446,8.50,-28.31,-5.31,-8.470,5.310,9.190
46458,9.06,-28.50,-5.12,-8.030,7.130,9.740
46470,9.44,-28.56,-4.94,-10.090,8.280,9.480
46484,9.56,-28.56,-4.94,-9.600,9.340,8.410
46496,9.63,-28.25,-4.81,-7.270,8.080,8.680
46508,9.56,-27.94,-4.62,-7.650,8.140,8.400
46520,9.31,-27.62,-4.62,-9.450,7.500,7.540
46534,8.88,-27.31,-4.69,-6.140,5.430,5.040
46570,6.12,-26.37,-5.00,-3.510,-2.540,8.160
46584,5.25,-26.44,-5.31,-2.450,-3.360,8.130
46596,3.81,-26.56,-5.69,-0.710,-8.030,9.230
46608,3.37,-26.75,-5.62,-0.900,-8.790,10.130
46620,3.37,-27.06,-5.50,-1.520,-9.260,10.290
46634,3.44,-27.31,-5.56,-2.100,-9.020,11.540
46646,4.19,-27.62,-6.00,-0.990,-7.210,9.950
46658,4.81,-27.69,-6.06,-2.350,-5.530,9.680
46670,5.44,-27.75,-6.12,-3.480,-0.540,6.400
46684,6.06,-27.87,-6.31,0.610,-1.640,5.450
46696,7.81,-27.81,-6.06,-2.930,4.280,7.280
46709,8.63,-27.94,-5.75,-7.000,5.590,8.380
46721,9.19,-28.12,-5.44,-7.520,5.920,9.780
46735,9.50,-28.38,-5.12,-9.180,7.800,10.680
46747,9.63,-28.75,-4.94,-7.420,8.180,8.460
46759,9.63,-28.69,-4.94,-7.730,8.290,7.670
46771,9.44,-28.38,-4.87,-7.590,8.740,7.570
46785,9.13,-28.12,-4.75,-10.490,7.940,7.150
46797,8.06,-27.56,-4.87,-6.900,5.070,4.360
46809,7.37,-27.25,-4.81,-6.080,4.360,7.640
46821,6.62,-27.06,-5.00,-5.060,-0.370,6.880
46835,5.69,-27.00,-5.37,-3.200,-0.890,7.020
46847,3.87,-27.06,-6.12,-0.370,-4.690,8.830
46859,3.00,-27.31,-6.44,-0.210,-6.170,8.650
46871,2.37,-27.75,-6.69,0.660,-6.830,8.670
46885,1.87,-28.25,-6.81,0.070,-7.330,9.560
46897,1.69,-29.31,-6.94,-1.660,-7.330,9.150
46910,2.06,-30.06,-7.12,-1.350,-6.740,8.000
46922,2.56,-30.69,-7.12,-3.400,-5.560,7.620
46936,3.19,-31.12,-7.00,-5.560,-3.620,6.560
46948,4.62,-32.19,-6.56,-2.370,-2.050,6.970
46960,5.44,-32.69,-6.00,-5.030,3.240,9.610
46972,6.31,-33.31,-5.44,-8.340,4.420,10.800
46986,7.00,-33.81,-4.87,-7.290,5.230,10.730
46998,8.19,-34.38,-4.00,-9.170,7.880,8.300
47010,8.63,-34.56,-3.69,-10.290,9.270,6.430
47022,8.94,-34.63,-3.44,-8.640,8.520,6.480
47036,9.00,-34.50,-3.00,-8.860,9.270,6.860
47048,8.88,-34.44,-2.19,-8.870,6.220,5.220
47060,8.63,-34.31,-1.87,-7.530,5.280,5.570
47072,8.31,-34.19,-1.56,-7.680,2.520,8.140
47086,7.94,-34.19,-1.37,-6.980,0.310,6.960
47098,6.75,-34.25,-1.75,-2.000,-3.360,7.790
47110,6.12,-34.50,-2.06,-2.140,-3.890,7.530
47122,5.50,-34.88,-2.37,-1.320,-5.440,7.030
47136,5.00,-35.44,-2.69,-1.040,-6.580,6.410
47148,4.31,-36.63,-2.94,-3.140,-7.910,8.810
47161,4.31,-37.25,-3.12,-4.030,-8.070,9.830
47173,4.50,-37.81,-3.37,-3.520,-8.360,8.200
47187,4.87,-38.31,-3.62,-4.500,-7.940,7.520
47199,6.12,-39.38,-3.56,-7.900,-4.230,6.260
47211,7.06,-40.00,-3.37,-6.030,-2.550,6.590
47223,8.13,-40.56,-2.81,-8.940,1.010,7.550
47237,9.13,-41.00,-2.12,-8.380,1.210,9.210
47249,11.38,-41.56,-0.56,-11.430,6.110,9.770
47261,12.44,-41.56,0.06,-13.600,8.530,8.670
47273,13.38,-41.44,0.62,-13.750,9.740,7.020
47287,14.13,-41.31,1.06,-10.660,9.120,6.420
47299,15.25,-40.50,2.37,-10.220,8.540,7.840
47311,15.69,-40.12,2.94,-10.330,6.840,7.390
47323,15.94,-39.69,3.37,-5.910,5.580,6.440
47337,15.94,-39.19,4.00,-8.470,4.020,7.870
47349,15.56,-38.69,4.37,-4.760,-1.310,6.310
47361,15.19,-38.69,4.25,-3.510,-2.400,7.490
47373,14.69,-38.81,4.06,-1.890,-4.590,6.530
47387,14.38,-39.25,4.06,-1.150,-5.500,6.880
47399,14.38,-40.38,4.56,-1.090,-9.170,6.750
47412,14.56,-40.75,5.06,-3.890,-8.400,6.100
47424,14.87,-41.19,5.37,-5.040,-10.410,6.250
47438,15.31,-41.37,5.25,-5.530,-10.290,5.820
47450,15.94,-40.94,4.81,-7.170,-8.650,7.460
47462,16.50,-40.81,4.87,-3.820,-7.910,6.840
47474,17.62,-40.88,5.50,-3.450,-5.900,5.650
47488,18.69,-40.94,6.06,-3.910,-3.810,7.160
47500,21.25,-40.75,7.69,-6.570,0.900,9.060
47512,22.37,-40.69,8.38,-7.350,2.230,9.240
47524,23.25,-40.69,9.00,-7.720,4.640,7.240
47538,24.12,-40.63,9.56,-11.490,9.610,7.660
47574,25.06,-39.88,11.25,-11.240,8.500,7.580
47588,25.06,-39.44,11.44,-11.820,6.960,6.870
47600,24.37,-38.88,11.81,-8.270,2.760,6.960
47612,23.87,-38.94,11.88,-8.010,0.550,6.780
47624,23.12,-39.00,11.63,-6.530,-1.830,6.410
47638,22.37,-39.13,11.25,-4.750,-3.270,7.050
47650,21.19,-40.00,10.88,-1.990,-9.510,8.660
47662,20.88,-40.50,10.75,-1.070,-10.320,8.770
47674,20.75,-41.00,10.69,-1.620,-12.070,8.560
47688,20.69,-41.25,10.56,-1.920,-12.080,7.960
47700,20.81,-41.13,9.75,-3.160,-10.990,6.740
47713,21.12,-40.81,9.31,-2.950,-10.010,5.830
47725,21.62,-40.56,9.25,-4.240,-9.640,6.040
47739,22.06,-40.38,9.19,-6.220,-8.150,3.770
47751,23.69,-40.12,9.44,-3.160,-2.670,4.340
47763,24.69,-39.94,9.94,-8.900,-1.390,5.360
47775,25.81,-39.88,10.44,-7.010,-0.540,7.850
47789,26.81,-39.75,10.88,-10.100,0.950,9.700
47801,28.38,-39.44,11.44,-12.240,3.340,8.390
47813,28.81,-39.25,11.44,-12.440,5.300,8.230
47825,29.00,-39.06,11.44,-11.090,9.840,6.420
47839,29.19,-38.81,11.50,-9.310,10.740,6.370
47851,29.25,-37.94,11.69,-8.550,9.430,6.390
47863,29.00,-37.50,11.69,-8.720,7.920,4.600
47875,28.50,-36.94,11.69,-6.440,6.040,5.290
47889,28.00,-36.75,11.56,-8.030,4.690,7.110
47901,26.25,-37.00,10.63,-6.400,-3.130,5.200
47913,25.12,-37.31,9.94,-3.860,-4.140,5.190
47925,24.12,-37.75,9.31,-3.370,-7.960,8.060
47939,23.44,-38.38,8.88,-3.110,-9.160,7.940
47951,22.87,-39.00,8.38,-2.050,-10.590,7.700
47964,22.25,-40.06,7.62,-2.500,-9.850,6.770
47976,22.06,-40.19,7.06,-2.720,-9.490,5.890
47990,22.13,-40.19,6.37,-3.840,-9.800,6.020
48002,22.94,-40.19,5.81,-5.660,-9.500,4.270
48014,23.31,-40.00,5.69,-7.230,-8.200,4.760
48026,23.81,-39.94,5.75,-8.030,-4.870,6.000
48040,24.63,-40.00,6.12,-4.720,-2.810,7.130
48052,26.37,-40.12,6.94,-7.250,0.860,9.030
48064,27.19,-40.19,7.37,-8.940,2.030,10.350
48076,27.75,-40.25,7.75,-8.390,5.660,10.860
48090,28.06,-40.25,7.94,-10.430,8.410,10.050
48102,28.31,-40.19,8.13,-8.270,9.490,7.010
48114,28.19,-39.88,8.31,-10.790,10.370,7.600
48126,27.94,-39.56,8.38,-12.020,8.720,6.360
48140,27.56,-39.25,8.38,-11.940,6.500,4.840
48152,26.31,-38.50,8.25,-11.090,1.960,6.570
48165,25.56,-38.44,8.00,-8.650,0.140,4.860
48177,24.81,-38.44,7.69,-6.900,-2.660,7.360
48191,24.12,-38.63,7.44,-5.370,-4.080,6.290
48203,23.25,-39.44,7.50,-0.690,-7.990,7.920
48215,23.25,-39.94,8.19,4.860,-10.190,4.220
48227,23.50,-40.25,9.25,-0.390,-9.200,6.770
48241,23.62,-40.63,9.50,-5.670,-8.660,8.840
48253,23.69,-41.13,7.94,-5.200,-9.490,4.480
48265,23.31,-41.13,6.94,-4.320,-7.870,4.390
48277,22.94,-41.19,6.25,-4.420,-6.280,5.650
48291,22.75,-41.31,5.62,-2.360,-4.000,5.380
48303,23.81,-41.63,5.25,0.440,-3.680,4.220
48315,24.69,-41.69,5.56,-0.700,-3.200,4.550
48327,25.81,-41.88,5.94,-4.060,-4.770,4.580
48341,26.81,-42.25,6.31,-2.680,-3.980,4.570
48353,28.69,-43.44,7.06,-4.290,-4.810,4.290
48365,29.19,-44.13,7.19,-4.010,-5.200,5.170
48377,29.56,-44.81,7.00,-5.170,-4.590,5.580
48391,30.25,-45.94,6.75,-2.480,-4.150,5.110
48403,32.50,-48.94,6.81,0.870,-2.750,3.230
48416,34.06,-50.44,7.12,0.720,-2.550,2.330
48428,35.94,-51.94,7.87,-0.330,-2.600,1.660
48442,38.06,-53.44,9.06,-2.460,-2.520,1.330
48454,42.94,-56.25,12.31,-7.980,-2.240,1.190
48466,45.50,-57.56,14.19,-13.520,-1.640,-0.030
48478,47.75,-58.81,15.75,-15.190,-1.140,-0.290
48492,49.75,-60.19,16.94,-15.840,-0.540,-0.310
48504,52.69,-63.63,18.56,-16.170,1.350,0.250
48516,54.00,-65.75,19.69,-15.900,1.690,-0.050
48528,55.25,-67.81,21.00,-15.350,2.220,-0.650
48542,56.37,-69.69,22.50,-14.660,2.890,-1.570
48579,60.50,-74.81,31.44,-13.950,2.590,-0.310
48593,61.44,-75.50,34.56,-14.420,2.620,-0.560
48605,62.88,-76.37,40.75,-14.670,2.000,-0.380
48617,63.38,-76.69,43.63,-14.610,1.620,0.220
48629,63.63,-77.00,46.25,-14.570,1.130,1.100
48643,63.75,-77.25,48.69,-14.300,0.660,1.810
48655,63.75,-77.94,52.81,-13.150,-0.140,1.820
48667,63.69,-78.25,54.75,-12.680,-0.150,1.400
48679,63.56,-78.56,56.56,-12.290,-0.340,1.020
48693,63.44,-78.75,58.44,-11.470,-0.870,0.780
48705,63.31,-78.69,61.50,-11.160,-1.720,1.200
48717,63.25,-78.50,62.69,-11.290,-2.500,1.530
48729,63.25,-78.19,63.69,-11.280,-2.720,1.400
48743,63.25,-77.87,64.37,-11.310,-3.060,1.270
48755,63.06,-77.25,65.50,-11.140,-3.940,1.900
48767,62.88,-77.12,65.81,-11.040,-4.090,2.160
48779,62.62,-77.06,66.25,-10.950,-4.190,2.220
48793,62.38,-77.06,66.69,-10.520,-3.880,1.310
48805,61.88,-77.19,67.69,-9.780,-3.670,0.770
48817,61.63,-77.19,68.00,-9.510,-3.830,0.910
48829,61.50,-77.19,68.25,-9.220,-4.030,1.420
48843,61.37,-77.12,68.37,-9.260,-4.080,1.410
48855,61.31,-76.94,68.62,-9.290,-3.730,0.750
48868,61.31,-76.87,68.62,-9.080,-3.720,0.680
48880,61.37,-76.69,68.56,-9.040,-3.840,0.770
48894,61.50,-76.56,68.62,-9.120,-3.770,0.850
48906,61.69,-76.31,68.44,-9.570,-3.460,0.510
