22083,148.19,-37.00,14.06,-5.560,-1.940,6.880
22095,148.06,-36.50,14.06,-5.590,-2.220,6.890
22107,147.94,-36.38,14.06,-5.660,-3.010,7.460
22119,147.75,-36.44,14.19,-5.770,-3.420,7.630
22133,147.56,-36.50,14.38,-6.100,-3.750,7.900
22145,147.19,-36.56,14.50,-5.980,-3.590,8.170
22157,146.94,-36.56,14.50,-6.390,-3.400,7.720
22169,146.56,-36.50,14.56,-6.700,-3.050,7.380
22183,146.19,-36.50,14.63,-6.700,-2.370,7.140
22195,145.25,-36.50,14.81,-6.510,-2.270,6.990
22208,144.75,-36.50,14.94,-5.650,-2.230,7.440
22220,144.06,-36.56,15.13,-5.560,-2.500,7.620
22234,143.56,-36.63,15.31,-5.610,-2.510,7.740
22246,142.50,-36.88,15.75,-6.010,-2.870,8.050
22258,142.06,-36.88,15.94,-6.300,-2.800,7.800
22270,141.44,-36.88,16.12,-6.640,-2.880,7.280
22284,141.00,-36.75,16.31,-7.050,-2.680,7.100
22296,140.31,-36.25,16.56,-6.740,-2.610,7.060
22308,140.00,-35.94,16.69,-6.760,-3.120,7.600
22320,139.62,-35.63,16.75,-6.840,-3.590,8.070
22334,139.37,-35.31,16.81,-6.790,-3.370,8.010
22346,138.81,-34.56,16.75,-6.860,-3.280,7.660
22358,138.50,-34.13,16.69,-6.460,-3.110,6.850
22396,137.31,-32.38,16.69,-2.280,-3.420,8.610
22408,136.75,-31.31,16.62,-1.790,-3.630,9.050
22420,136.12,-30.81,16.56,-1.360,-3.570,8.960
22434,135.94,-30.37,16.50,-0.850,-2.940,8.590
22446,135.69,-29.75,16.56,-0.650,-2.810,7.610
22459,135.63,-29.56,16.81,-0.210,-2.760,8.060
22471,135.63,-29.44,17.00,0.240,-2.750,8.440
22485,135.69,-29.31,17.25,-0.440,-3.210,8.380
22497,136.06,-29.31,17.75,-6.490,-4.070,9.250
22509,136.12,-29.50,17.94,-4.640,-2.950,7.630
22521,136.37,-29.50,18.25,-5.720,-2.450,7.740
22535,136.81,-29.31,18.62,-11.580,-4.970,8.340
22547,137.25,-28.87,19.00,-11.260,-5.110,9.430
22559,137.31,-28.56,19.06,-11.720,-4.880,9.230
22571,137.19,-28.19,18.94,-11.130,-4.410,8.570
22585,137.12,-27.75,18.75,-10.090,-3.790,8.110
22597,136.69,-26.56,18.19,-3.910,-2.050,8.750
22609,136.37,-26.00,17.81,-2.370,-1.220,8.290
22621,136.00,-25.62,17.56,-1.690,-2.250,8.520
22635,135.81,-25.44,17.37,-2.260,-2.280,7.060
22647,135.31,-25.19,17.31,-0.700,-1.010,5.670
22660,135.12,-24.94,17.37,0.070,-1.430,6.030
22672,134.94,-24.69,17.56,0.660,-1.780,6.640
22686,134.81,-24.44,17.87,0.930,-2.800,7.100
22698,134.69,-24.19,18.37,0.720,-4.320,7.750
22710,134.63,-24.31,18.69,-0.470,-4.180,7.000
22722,134.63,-24.44,19.06,-1.340,-4.270,6.530
22736,134.75,-24.50,19.44,-3.840,-4.990,6.650
22748,134.75,-24.81,20.00,-4.920,-5.260,9.510
22760,134.69,-25.00,20.19,-4.670,-4.490,9.970
22772,134.69,-25.19,20.37,-5.280,-4.120,10.280
22786,134.81,-25.37,20.50,-7.180,-3.190,10.480
22798,135.12,-25.62,20.81,-8.820,-3.030,10.350
22810,135.31,-25.62,20.88,-9.470,-2.730,9.450
22822,135.50,-25.50,20.94,-10.720,-3.340,8.120
22836,135.69,-25.19,21.00,-11.110,-3.490,7.570
22848,135.75,-24.00,20.88,-6.280,-2.330,7.890
22860,135.56,-23.31,20.69,-4.010,-2.010,8.630
22872,135.44,-22.69,20.44,-2.720,-1.740,8.050
22886,135.37,-22.19,20.37,-3.180,-3.240,7.120
22898,134.81,-21.37,20.06,0.440,-2.840,6.460
22911,134.63,-21.12,20.00,-0.450,-3.990,6.770
22923,134.44,-20.88,20.00,0.460,-3.850,6.770
22937,134.19,-20.81,20.06,2.760,-3.820,7.450
22949,133.94,-21.00,20.31,3.880,-4.190,7.560
22961,133.94,-21.37,20.50,3.670,-5.280,7.620
22973,134.12,-21.69,20.75,2.940,-5.290,6.870
22987,134.44,-21.81,20.94,1.470,-5.510,6.760
22999,135.31,-22.00,21.44,-2.040,-5.530,8.560
23011,135.69,-22.25,21.69,-4.580,-6.630,9.850
23023,135.75,-22.75,21.87,-4.840,-5.030,10.800
23037,135.94,-23.31,22.06,-8.080,-4.120,9.600
23049,136.50,-24.00,22.31,-11.620,-2.780,8.390
23061,136.81,-24.00,22.37,-12.360,-3.620,9.110
23073,137.12,-23.87,22.31,-13.250,-3.930,9.290
23087,137.19,-23.69,22.13,-12.260,-3.700,9.160
23099,137.19,-23.12,21.69,-9.660,-2.980,8.450
23112,136.94,-22.62,21.31,-6.630,-2.440,8.900
23124,136.50,-22.13,20.81,-4.240,-1.940,8.820
23138,136.12,-21.87,20.44,-4.620,-2.710,8.930
23150,135.19,-21.50,19.87,-2.370,-3.370,7.730
23162,134.75,-21.37,19.75,-2.220,-3.830,7.570
23174,134.19,-21.25,19.56,1.200,-4.600,8.700
23188,133.75,-21.31,19.50,0.690,-5.310,8.260
23200,132.94,-21.87,19.31,1.500,-4.200,6.650
23212,132.56,-22.13,19.31,2.630,-3.770,6.750
23224,132.25,-22.44,19.31,2.560,-3.610,6.400
23238,132.00,-22.75,19.44,3.000,-3.730,6.650
23250,132.19,-23.44,19.87,0.810,-4.430,6.590
23262,132.50,-23.62,20.00,-0.110,-4.090,6.760
23274,132.94,-23.81,20.19,-0.840,-3.410,7.210
23288,133.31,-24.06,20.44,-3.470,-2.850,8.400
23300,134.00,-24.56,21.06,-6.610,-2.590,8.850
23313,134.25,-24.87,21.31,-7.430,-2.990,9.130
23325,134.44,-25.12,21.62,-11.570,-3.660,9.480
23339,134.56,-25.37,21.81,-12.940,-5.010,9.810
23351,134.44,-25.44,21.94,-14.140,-6.150,9.010
23363,134.25,-25.37,21.87,-13.510,-5.900,8.960
23400,132.94,-24.25,20.88,-4.690,-4.190,7.580
23412,131.56,-23.31,20.00,-2.250,-3.550,7.690
23424,130.87,-22.81,19.50,0.860,-3.010,7.640
23438,130.25,-22.31,19.12,2.460,-3.060,7.760
23451,129.50,-21.94,18.75,5.620,-2.300,8.250
23463,128.44,-21.50,18.31,3.480,-3.790,7.660
23475,128.06,-21.50,18.25,3.550,-2.510,7.260
23489,127.75,-21.50,18.12,2.820,-2.540,7.120
23501,127.31,-21.56,17.75,1.790,-2.990,6.740
23514,127.06,-21.50,17.44,1.030,-3.640,6.880
23526,127.06,-21.62,17.00,-0.460,-3.240,8.440
23540,127.25,-22.00,16.44,-2.070,-2.840,8.300
23552,127.81,-23.56,15.31,-6.160,-4.180,6.540
23564,127.94,-24.63,14.87,-6.040,-2.660,10.360
23576,128.06,-25.62,14.13,-7.590,-4.720,9.840
23590,128.12,-26.56,13.31,-9.750,-5.020,7.950
23602,128.00,-28.38,11.69,-10.560,-2.440,7.090
23614,127.62,-29.12,11.00,-10.400,-2.030,6.540
23626,127.62,-29.87,10.31,-8.810,-1.550,7.660
23640,127.38,-30.44,9.63,-6.910,-2.240,6.960
23652,126.87,-30.69,8.56,-4.510,-1.060,10.180
23664,126.87,-30.62,8.06,-4.050,-1.290,9.370
23676,127.06,-30.56,7.56,-3.040,-0.940,8.700
23691,127.19,-30.44,7.19,-2.900,-0.780,9.010
23703,127.62,-30.44,6.69,-2.220,-1.640,8.240
23715,127.94,-30.44,6.50,-4.190,-2.200,8.050
23727,128.12,-30.50,6.50,-3.980,-1.930,8.000
23741,128.25,-30.56,6.50,-2.610,-1.620,7.660
23753,128.69,-30.31,6.62,-4.950,-1.150,10.450
23765,129.00,-30.37,6.87,-5.350,-1.340,10.900
23777,129.38,-30.75,7.06,-6.270,-2.220,10.890
23791,129.75,-31.31,7.12,-5.140,-2.430,7.290
23803,130.44,-31.81,7.06,-7.460,-2.430,8.320
23815,130.81,-31.87,6.94,-7.990,-2.410,8.200
23827,131.00,-31.81,6.62,-8.260,-2.670,7.180
23841,131.19,-31.62,6.37,-9.130,-1.900,8.260
23853,131.25,-31.31,5.75,-6.640,-0.520,8.080
23865,131.12,-31.19,5.44,-5.650,-0.640,7.830
23877,131.00,-31.06,5.06,-5.170,-0.650,8.470
23891,130.94,-30.88,4.56,-5.910,-1.360,8.400
23903,130.81,-30.81,3.75,-6.170,-0.190,8.690
23915,130.75,-30.88,3.31,-5.430,0.090,7.950
23927,130.75,-30.94,2.87,-4.570,0.430,8.170
23941,130.75,-30.94,2.44,-6.220,-0.610,7.310
23953,130.50,-30.81,1.94,-5.180,-0.750,7.210
23965,130.37,-30.62,1.87,-4.900,-0.090,9.410
23977,130.19,-30.31,1.75,-4.970,-1.290,8.420
23991,130.06,-29.94,1.62,-4.830,-1.300,8.260
24003,130.00,-29.63,1.56,-5.450,-1.550,9.490
24016,129.63,-29.06,1.44,-3.150,-0.750,10.790
24028,129.44,-28.75,1.25,-1.870,0.320,11.940
24042,129.38,-28.44,0.75,-2.670,-2.240,7.990
24054,129.69,-28.31,-0.25,-5.090,-1.720,8.780
24066,129.69,-28.31,-0.75,-5.220,-1.780,7.090
24078,129.50,-28.31,-1.50,-1.810,-1.570,5.740
24092,129.19,-28.25,-2.19,-0.680,-0.760,7.500
24104,128.81,-28.06,-3.12,-0.500,0.150,10.180
24116,128.94,-28.00,-3.56,-0.920,-0.220,10.070
24128,129.12,-28.06,-3.94,-2.010,-0.900,10.230
24142,129.44,-28.31,-4.44,-3.840,-2.610,9.430
24154,130.19,-29.50,-5.12,-5.050,0.630,7.550
24166,130.63,-30.00,-5.56,-6.890,-0.330,5.250
24178,130.94,-30.12,-6.06,-7.690,0.770,7.210
24192,131.00,-30.06,-6.44,-7.380,-0.170,6.760
24204,131.12,-29.94,-7.50,-10.540,0.390,8.880
24217,131.06,-30.00,-8.06,-11.810,0.140,9.510
24229,131.06,-30.06,-8.75,-12.670,0.230,10.060
24243,130.94,-29.94,-9.44,-12.640,0.530,10.930
24255,130.69,-29.37,-11.12,-9.820,0.480,7.210
24267,130.56,-29.12,-11.94,-8.280,1.500,9.330
24279,130.31,-28.87,-12.50,-6.370,2.460,10.780
24293,130.12,-28.87,-13.06,-2.880,0.930,6.400
24305,129.56,-28.31,-13.94,-4.220,0.730,8.000
24317,129.12,-27.94,-14.13,-2.580,1.110,9.130
24329,128.56,-27.62,-14.31,-0.340,1.350,7.790
24343,128.00,-27.25,-14.50,0.910,0.920,6.100
24355,126.87,-26.62,-14.69,3.640,2.290,9.030
24367,126.62,-26.25,-14.69,2.240,1.740,9.070
24404,126.62,-25.19,-14.13,-1.110,0.150,6.040
24417,127.19,-24.94,-13.56,-2.950,0.440,9.360
24429,127.56,-25.12,-13.13,-5.770,0.750,7.660
24443,128.06,-25.44,-12.88,-9.760,0.660,7.450
24455,128.56,-25.56,-12.50,-15.000,0.550,9.440
24468,129.06,-25.25,-11.94,-14.740,0.100,10.290
24480,128.94,-25.19,-11.88,-14.940,0.800,12.350
24494,128.75,-25.12,-12.00,-14.850,0.380,11.190
24506,128.19,-25.00,-12.81,-10.720,0.500,7.770
24518,127.81,-24.75,-13.25,-7.970,1.360,8.340
24530,127.25,-24.44,-13.69,-5.010,1.260,8.160
24544,126.69,-24.12,-14.13,-1.810,1.200,7.730
24556,125.50,-23.81,-14.87,0.240,1.960,6.850
24568,124.94,-23.69,-15.06,4.520,3.650,9.650
24580,124.44,-23.44,-15.19,6.650,3.380,9.260
24594,124.25,-23.31,-15.31,5.580,1.560,7.090
24606,124.38,-22.44,-15.50,4.390,-0.160,8.480
24619,124.50,-22.06,-15.38,4.480,0.290,8.950
24631,124.56,-21.94,-15.13,4.190,0.310,8.330
24645,124.81,-21.87,-14.87,3.610,0.490,8.060
24657,125.62,-22.13,-14.50,1.450,-0.340,9.170
24669,126.38,-22.37,-14.31,-1.360,-1.180,9.340
24681,127.25,-22.56,-14.06,-5.520,0.250,9.690
24695,128.31,-22.75,-13.75,-8.930,0.500,10.160
24707,130.37,-22.81,-13.38,-14.370,0.230,10.140
24719,131.19,-22.75,-13.31,-16.300,-0.610,11.710
24731,131.75,-22.75,-13.38,-16.340,-0.260,12.100
24745,132.12,-22.75,-13.56,-15.210,0.220,11.730
24757,132.25,-22.50,-14.31,-7.870,2.310,9.910
24769,132.25,-22.44,-14.94,-5.110,2.500,8.400
24781,132.25,-22.25,-15.75,-2.930,3.000,7.960
24795,132.31,-22.00,-16.50,-0.330,3.190,6.780
24807,132.56,-21.69,-17.94,1.270,2.740,6.750
24819,132.69,-21.62,-18.50,0.930,2.110,5.740
24831,132.94,-21.56,-18.87,1.990,2.310,6.690
24845,133.19,-21.50,-19.19,2.020,1.950,6.600
24857,133.87,-21.37,-19.81,1.820,0.770,6.420
24870,134.44,-21.31,-20.00,0.700,0.870,7.060
24882,135.25,-21.31,-20.12,-0.450,1.030,7.560
24896,135.88,-21.25,-20.12,-1.790,0.770,7.280
24908,137.00,-21.31,-20.00,-1.470,0.460,8.860
24920,137.62,-21.31,-19.81,-2.040,0.150,9.610
24932,138.31,-21.44,-19.56,-2.170,0.540,9.220
24946,139.00,-21.56,-19.06,-2.220,2.180,9.700
24958,140.56,-21.94,-18.37,-5.110,4.540,10.920
24970,141.44,-22.06,-18.37,-8.620,3.540,7.470
24982,142.25,-22.06,-18.44,-11.080,2.080,5.600
24996,142.69,-22.06,-18.44,-11.540,2.520,7.460
25008,143.06,-22.06,-18.56,-10.070,1.870,7.720
25020,143.00,-22.06,-18.62,-10.080,1.600,7.110
25032,143.00,-22.00,-18.62,-9.840,1.570,7.260
25046,142.62,-21.87,-18.56,-7.020,1.730,6.840
25058,141.62,-21.62,-18.12,-2.900,3.020,9.410
25070,141.12,-21.75,-18.12,-1.320,3.710,10.260
25082,140.69,-22.06,-18.31,-0.440,3.270,8.860
25096,140.25,-22.31,-18.56,0.350,2.810,7.660
25108,139.75,-23.00,-19.00,1.500,2.530,8.640
25121,139.62,-23.25,-19.12,1.700,2.120,8.570
25133,139.62,-23.56,-19.19,0.620,1.190,7.730
25147,139.56,-23.94,-19.12,-0.890,0.100,7.480
25159,139.50,-24.87,-18.25,0.760,0.550,7.100
25171,139.62,-25.12,-17.69,0.140,0.700,9.100
25183,140.00,-25.25,-17.50,-2.440,0.760,8.600
25197,140.25,-25.31,-17.50,-4.530,0.980,8.250
25209,140.50,-25.50,-17.81,-7.670,1.700,10.050
25221,140.44,-25.69,-18.00,-8.450,0.880,7.770
25233,140.19,-25.88,-18.12,-8.170,-0.070,5.850
25247,139.69,-26.06,-17.81,-6.870,-0.510,4.240
25259,138.37,-26.56,-15.88,-7.910,1.990,9.960
25271,137.69,-27.00,-14.44,-5.530,2.550,11.230
25283,137.19,-27.75,-12.75,-4.430,2.160,8.940
25297,136.94,-28.62,-10.50,-7.810,1.940,7.750
25309,136.37,-31.00,-4.94,-9.900,-0.130,7.580
25322,136.00,-32.25,-1.50,-5.540,1.770,9.460
25334,135.56,-32.69,0.06,-2.560,2.420,12.350
25348,136.00,-33.19,0.50,-1.680,-10.560,-6.140
25360,135.31,-35.06,6.87,-4.140,-1.410,14.900
25372,134.50,-35.81,9.44,-4.700,1.670,17.780
25409,131.37,-36.19,11.06,-2.340,-0.770,9.810
25421,129.44,-35.00,10.25,-2.960,-1.490,7.220
25433,128.81,-34.25,10.50,-6.070,-4.260,7.740
25447,128.12,-33.44,11.44,-8.080,-2.630,11.620
25460,127.44,-32.88,12.44,-8.610,-2.530,7.320
25472,125.62,-32.44,14.06,-8.780,-3.970,7.720
25484,124.56,-32.50,14.75,-7.590,-4.460,7.810
25498,123.56,-32.63,15.63,-6.180,-3.920,7.590
25510,121.81,-33.75,18.12,-5.390,-1.080,8.240
25522,121.13,-34.31,19.44,-5.490,-0.750,8.240
25534,120.44,-34.63,20.44,-5.700,-1.480,5.570
25548,119.75,-34.69,21.19,-6.160,-2.660,9.710
25560,118.62,-34.75,21.87,-5.090,-2.570,8.400
25573,118.19,-34.63,22.06,-6.790,-2.220,6.230
25585,117.75,-34.50,22.37,-6.530,-2.400,7.130
25599,117.37,-34.56,23.00,-6.940,-3.440,8.980
25611,116.75,-35.06,25.19,-6.340,-1.980,4.720
25623,116.62,-35.19,26.75,-5.950,-1.970,9.150
25635,116.50,-35.19,28.12,-8.830,-2.900,11.870
25649,116.31,-34.88,28.69,-9.130,-3.430,9.660
25661,115.62,-34.50,28.19,-6.510,-5.370,6.330
25673,115.12,-34.13,27.87,-5.070,-5.690,3.990
25685,114.50,-33.81,27.94,-5.070,-7.010,7.460
25699,113.75,-33.69,28.38,-3.920,-6.720,6.520
25711,111.88,-33.63,29.56,-3.270,-6.580,7.220
25723,110.94,-33.69,30.12,-2.060,-5.030,8.680
25735,110.12,-33.88,30.37,-1.650,-4.990,7.780
25749,109.50,-34.19,30.31,-1.120,-3.860,7.810
25761,108.87,-34.69,29.94,-1.290,-3.840,7.040
25774,108.81,-34.88,29.69,-1.430,-3.400,7.040
25786,108.94,-34.94,29.50,-1.200,-3.380,6.250
25800,109.25,-34.88,29.37,-2.110,-3.400,5.480
25812,110.12,-35.06,28.87,-3.250,-3.320,5.930
25824,110.63,-35.25,28.56,-5.840,-4.290,6.960
25836,111.06,-35.50,28.19,-6.290,-4.720,8.030
25850,111.50,-35.75,27.87,-7.350,-4.690,8.110
25862,112.19,-35.94,27.06,-11.310,-3.580,6.890
25874,112.37,-35.88,26.69,-11.760,-3.180,7.280
25886,112.50,-35.75,26.44,-11.980,-3.230,7.240
25900,112.56,-35.56,26.37,-12.720,-3.570,7.290
25912,112.44,-35.00,26.56,-12.490,-2.730,7.790
25924,112.12,-34.69,26.50,-12.080,-3.620,7.320
25936,111.75,-34.31,26.31,-9.390,-4.750,8.190
25950,111.31,-33.94,25.88,-7.290,-5.110,8.870
25962,110.44,-33.56,24.87,-4.220,-5.010,7.080
25974,110.12,-33.38,24.37,-2.120,-6.110,6.520
25986,109.81,-33.31,24.06,-1.000,-6.330,6.590
26000,109.56,-33.19,23.94,-1.450,-6.760,6.220
26012,109.44,-32.75,24.12,0.600,-5.320,7.260
26024,109.56,-32.50,24.25,-0.940,-5.650,6.500
26036,109.81,-32.31,24.31,-0.640,-5.970,6.230
26050,110.19,-32.19,24.25,-0.170,-5.730,5.630
26062,111.19,-31.87,24.44,-1.310,-5.630,5.180
26075,111.75,-31.75,24.75,-3.720,-5.020,6.230
26087,112.25,-31.62,25.12,-4.270,-4.270,5.840
26101,112.75,-31.44,25.44,-5.590,-3.160,5.920
26113,113.44,-31.06,25.75,-6.550,-2.520,9.080
26125,113.81,-31.00,25.75,-7.650,-1.370,9.340
26137,114.25,-30.88,25.69,-9.430,-1.870,8.530
26151,114.56,-30.81,25.62,-10.740,-0.350,10.480
26163,115.50,-30.44,25.50,-11.880,-0.270,9.650
26175,115.94,-30.19,25.31,-12.940,-1.240,8.960
26187,117.50,-30.00,25.12,-11.590,-0.170,7.300
26201,117.69,-29.69,24.81,-10.510,-0.360,7.160
26213,117.56,-29.19,23.81,-6.530,-2.310,9.680
26225,117.44,-29.12,23.19,-4.580,-4.000,8.050
26237,118.25,-29.00,22.37,-2.560,-3.180,6.400
26251,118.00,-28.87,21.56,-2.340,-4.340,6.310
26263,117.06,-28.69,20.37,2.150,-4.470,5.260
26276,116.69,-28.56,20.00,2.750,-4.090,5.750
26288,117.44,-28.44,19.81,3.170,-2.670,7.610
26302,117.44,-28.31,19.62,2.020,-1.320,5.370
26314,117.94,-28.00,18.94,-0.030,-3.140,7.460
26326,118.31,-27.69,18.50,-1.070,-5.070,6.190
26338,119.87,-27.25,18.12,-2.120,-5.440,6.070
26352,120.56,-26.69,17.94,-3.310,-6.210,6.680
26364,122.00,-26.12,17.87,-6.640,-5.980,7.880
26376,122.69,-26.06,18.00,-6.660,-4.610,7.890
26413,125.31,-26.06,18.37,-12.960,-3.460,7.880
26425,126.25,-25.56,18.12,-10.930,-2.930,10.630
26437,127.06,-24.94,17.81,-13.200,-2.290,8.870
26451,127.12,-24.44,17.62,-12.180,-2.150,8.970
26464,127.06,-24.12,17.44,-8.680,-1.920,9.540
26476,126.31,-23.87,17.12,-6.180,-3.100,8.860
26488,126.31,-23.81,16.81,-3.550,-2.110,9.570
26502,125.69,-23.81,16.50,-2.530,-3.410,7.540
26514,124.06,-23.94,15.94,2.600,-2.570,6.540
26527,123.25,-23.94,15.56,5.270,-2.010,6.330
26539,123.19,-23.87,15.31,3.420,-1.810,7.120
26553,122.81,-24.00,15.13,4.230,-2.400,5.950
26565,122.62,-24.25,14.94,2.180,-2.990,7.000
26577,122.75,-24.12,14.94,1.010,-2.270,6.760
26589,123.62,-23.87,15.00,-0.690,-2.760,6.870
26603,124.00,-23.50,15.06,-1.660,-2.420,7.040
26615,124.94,-23.00,15.13,-3.330,-4.310,2.690
26627,125.12,-23.06,15.25,-3.670,0.710,13.400
26639,125.62,-22.75,15.19,-6.320,-2.570,11.430
26653,125.50,-22.37,14.75,-6.200,0.130,10.100
26665,125.31,-21.37,13.50,-8.740,2.400,10.620
26677,125.31,-20.88,13.06,-10.190,1.140,10.010
26689,125.56,-20.31,12.75,-11.520,-0.020,9.850
26703,125.38,-19.87,12.69,-11.210,-0.410,10.380
26715,124.50,-19.06,12.31,-8.240,-0.080,9.190
26727,124.06,-18.69,12.06,-2.780,-1.640,11.290
26739,123.69,-18.37,11.88,-1.900,-1.870,11.490
26753,123.19,-18.12,11.50,-2.670,-4.020,8.720
26765,122.00,-18.00,11.00,1.780,-3.890,6.240
26778,121.44,-18.06,10.81,0.360,-4.950,6.060
26790,121.13,-18.31,10.75,3.280,-4.610,5.720
26804,120.62,-18.50,10.69,3.500,-4.360,6.670
26816,120.37,-18.94,10.69,2.410,-4.160,5.690
26828,120.50,-19.12,10.75,1.110,-3.880,5.170
26840,121.06,-19.12,10.94,0.190,-3.450,6.520
26854,121.37,-19.12,11.19,-1.260,-3.990,7.140
26866,122.13,-19.06,11.75,-2.170,-2.620,6.250
26878,122.56,-19.06,12.06,-1.890,-2.690,6.950
26890,123.19,-19.06,12.37,-1.990,-2.750,5.960
26904,123.62,-19.06,12.69,-2.560,-0.730,9.710
26916,124.44,-19.25,13.25,-2.770,0.480,11.360
26928,124.87,-19.37,13.56,-4.410,0.910,11.290
26940,125.44,-19.56,13.88,-7.000,-0.140,12.300
26954,126.00,-19.69,14.19,-8.140,-0.750,12.080
26966,126.94,-19.75,14.75,-13.410,-1.860,11.170
26979,127.19,-19.69,14.87,-12.560,-1.310,11.100
26991,127.38,-19.62,14.87,-11.900,-1.130,11.210
27005,127.31,-19.56,14.75,-10.890,-0.880,9.180
27017,126.87,-19.12,14.38,-3.480,-1.440,9.560
27029,126.56,-18.75,14.25,-1.580,-1.280,10.480
27041,126.25,-18.50,14.06,-3.250,-4.170,7.930
27055,125.87,-18.37,13.81,1.090,-4.850,6.250
27067,125.12,-17.94,13.44,2.060,-4.820,5.870
27079,124.75,-17.69,13.25,5.530,-5.080,4.720
27091,124.50,-17.50,13.13,5.550,-5.260,4.540
27105,124.38,-17.31,13.19,5.040,-5.220,5.210
27117,124.69,-17.37,13.56,3.130,-3.760,5.790
27129,125.06,-17.44,13.94,2.080,-4.030,6.900
27141,125.62,-17.50,14.19,1.770,-4.670,6.210
27155,126.25,-17.56,14.44,0.240,-4.920,5.130
27167,127.69,-17.62,14.63,-2.550,-3.940,6.440
27179,128.12,-17.69,14.38,-3.350,-3.700,8.930
27191,128.44,-17.94,14.00,-3.970,-1.900,8.140
27205,128.62,-18.25,13.62,-4.270,-2.730,9.240
27217,128.87,-18.37,12.94,-9.890,-0.100,10.480
27230,129.00,-18.12,12.81,-10.630,1.190,10.350
27242,129.19,-17.94,12.94,-12.220,1.370,10.820
27256,129.06,-17.69,13.25,-12.560,2.450,12.430
27268,128.56,-17.19,13.81,-9.270,1.880,13.550
27280,128.25,-16.81,13.94,-7.420,1.200,13.100
27292,127.87,-16.31,13.88,-9.360,0.240,11.370
27306,127.69,-15.69,13.69,-4.510,-1.180,10.830
27318,126.81,-14.63,13.25,0.050,-3.250,9.860
27330,126.44,-14.44,13.00,-0.040,-2.810,6.350
27342,126.12,-14.31,12.81,3.470,-3.220,7.960
27356,125.75,-14.13,12.69,1.800,-2.810,7.870
27368,125.31,-14.38,12.50,0.980,-4.560,7.440
27380,125.06,-14.63,12.50,0.040,-4.520,7.050
27417,124.75,-15.94,12.37,-1.520,-4.400,5.360
27430,124.56,-16.69,12.19,-1.420,-4.310,5.880
27442,124.50,-17.06,12.13,-0.770,-4.130,6.140
27456,124.38,-17.56,12.13,-0.190,-3.900,6.380
27468,124.25,-18.12,12.25,-1.070,-0.840,9.230
27481,124.38,-19.00,12.50,-1.900,-0.050,9.810
27493,124.56,-19.37,12.69,-3.160,0.270,9.270
27507,124.81,-19.75,12.81,-4.750,0.670,9.010
27519,125.12,-20.19,13.00,-7.960,1.100,9.790
27531,125.12,-20.37,13.13,-8.620,1.520,11.150
27543,125.12,-20.50,13.19,-8.100,2.150,11.880
27557,124.87,-20.69,13.19,-6.750,2.390,11.960
27569,124.25,-20.69,12.94,-6.360,1.720,10.130
27581,124.00,-20.56,12.81,-5.870,-0.090,10.040
27593,123.69,-20.31,12.63,-5.300,-0.860,9.490
27607,123.25,-20.12,12.50,-5.480,-2.100,8.760
27619,122.37,-19.75,12.31,-0.790,-2.610,9.620
27632,121.94,-19.62,12.25,-0.700,-2.680,9.190
27644,121.56,-19.50,12.13,-0.270,-4.060,8.220
27658,121.19,-19.37,11.88,0.160,-4.300,6.490
27670,120.56,-19.25,11.56,3.290,-3.010,3.620
27682,120.25,-19.19,11.56,3.110,-2.470,5.480
27694,120.37,-19.19,11.69,0.520,-2.820,5.140
27708,120.56,-19.25,11.88,0.140,-3.090,4.640
27720,120.81,-19.50,12.31,-0.970,-3.730,7.080
27732,121.00,-19.62,12.50,-1.700,-3.570,6.920
27744,121.37,-19.75,12.75,-2.060,-3.530,7.110
27758,121.75,-19.94,13.00,-3.630,-2.530,8.280
27770,122.75,-20.37,13.56,-7.380,-1.140,12.550
27782,123.13,-20.62,13.81,-7.660,-0.670,12.940
27794,123.44,-20.81,13.81,-8.230,-0.590,13.430
27808,123.69,-20.94,13.75,-8.850,-0.210,12.350
27820,124.12,-20.94,13.50,-9.730,-0.590,11.530
27832,124.19,-20.81,13.44,-10.170,-1.780,10.260
27844,124.25,-20.62,13.25,-8.660,-1.220,8.080
27858,124.12,-20.50,13.00,-6.370,-1.060,7.160
27870,123.69,-19.75,12.88,-1.390,-3.210,10.740
27883,123.31,-19.69,12.75,-1.240,-4.690,8.530
27895,122.87,-19.75,12.75,1.460,-3.900,6.690
27909,122.50,-19.75,12.75,4.440,-3.270,6.060
27921,122.44,-19.87,12.94,0.210,-4.350,6.780
27933,122.56,-20.12,13.06,-1.710,-5.700,5.940
27945,122.69,-20.37,13.19,-1.040,-5.830,5.810
27959,122.69,-20.62,13.38,-1.130,-6.120,5.890
27971,122.94,-21.00,13.81,-0.520,-5.180,6.190
27983,123.25,-21.06,14.00,-0.730,-5.460,6.020
27995,123.69,-21.12,14.19,-1.040,-4.330,5.900
28009,124.25,-21.12,14.38,-1.330,-4.800,6.510
28021,125.31,-21.25,14.44,-1.830,-4.770,7.550
28033,125.81,-21.31,14.38,-2.990,-6.300,9.730
28045,126.19,-21.56,14.50,-4.560,-5.010,10.380
28059,126.50,-21.81,14.50,-4.940,-5.090,15.100
28071,127.12,-22.37,14.94,-8.100,-2.460,12.470
28083,127.38,-22.56,15.19,-9.950,-1.500,9.220
28095,127.62,-22.69,15.44,-10.270,-1.550,10.570
28109,127.81,-22.62,15.69,-11.450,-1.240,12.580
28121,127.87,-22.37,15.81,-11.420,-0.880,12.620
28134,127.75,-22.06,15.63,-10.200,-0.400,11.550
28146,127.44,-21.75,15.38,-9.070,-0.490,10.470
28160,127.12,-21.44,15.06,-6.870,-0.930,9.150
28172,126.25,-21.00,14.44,-3.990,-1.560,6.900
28184,125.81,-20.81,14.25,-1.620,-1.310,6.700
28196,125.44,-20.56,14.06,2.020,-1.730,4.860
28210,125.25,-20.19,14.06,2.680,-2.750,4.710
28222,125.25,-19.25,14.44,1.720,-6.700,7.660
28234,125.19,-18.87,14.69,1.060,-6.750,8.180
28246,125.12,-18.62,14.81,1.040,-6.380,7.330
28260,125.19,-18.50,15.00,2.130,-6.000,6.910
28272,125.87,-18.37,15.38,2.160,-4.520,8.690
28284,126.38,-18.37,15.63,0.240,-4.350,9.200
28296,126.81,-18.37,15.81,-0.420,-3.200,10.080
28310,127.38,-18.37,16.06,-6.170,-2.270,9.590
28322,128.38,-18.56,16.50,-6.390,-0.560,9.420
28335,128.81,-18.50,16.62,-9.720,0.490,11.440
28347,129.19,-18.44,16.62,-10.450,0.240,11.990
28361,129.44,-18.37,16.56,-11.050,0.460,11.850
28373,129.69,-17.94,16.19,-11.190,0.400,8.790
28385,129.50,-17.56,16.00,-10.840,-0.600,7.530
28422,128.00,-16.19,15.44,-3.470,-5.660,4.830
28434,126.75,-15.56,15.13,0.050,-4.620,5.810
28446,125.94,-15.31,15.13,5.590,-5.020,6.690
28460,125.44,-15.13,15.19,4.620,-6.760,5.200
28473,125.00,-14.94,15.25,6.190,-7.840,7.040
28485,124.56,-14.81,15.63,4.840,-9.080,6.280
28497,124.25,-14.94,15.75,4.050,-9.480,5.940
28511,124.44,-15.13,15.94,4.420,-8.540,5.870
28523,125.25,-15.31,16.25,3.090,-4.680,6.420
28535,125.81,-15.44,16.50,-0.440,-4.370,7.250
28547,126.31,-15.69,16.69,-2.210,-4.700,8.280
28561,126.69,-16.12,16.94,-4.810,-3.760,10.590
28573,127.44,-17.00,17.37,-6.170,-0.060,7.530
28586,127.81,-17.12,17.56,-9.530,0.660,11.950
28598,128.31,-17.19,17.69,-11.320,-0.600,10.950
28612,128.62,-17.12,17.75,-13.470,-1.110,11.630
28624,128.62,-16.87,17.50,-10.850,0.050,9.650
28636,128.31,-16.69,17.37,-9.290,-0.460,9.050
28648,127.75,-16.37,17.25,-7.020,-1.360,10.490
28662,127.38,-16.12,17.00,-2.590,-2.730,8.060
28674,126.44,-15.69,16.75,-2.300,-3.700,6.470
28686,125.94,-15.63,16.69,-1.050,-5.120,5.380
28698,125.38,-15.50,16.69,1.400,-5.490,6.470
28712,124.87,-15.44,16.69,2.650,-5.430,6.570
28724,124.06,-15.31,16.81,4.440,-6.840,6.550
28736,123.81,-15.31,16.94,4.130,-7.460,6.180
28748,123.62,-15.38,17.06,3.320,-7.650,6.400
28762,123.56,-15.38,17.25,2.920,-5.960,4.940
28774,123.94,-15.06,17.94,2.990,-2.690,10.870
28787,124.44,-15.06,18.19,2.530,-4.250,5.470
28799,124.94,-15.13,18.50,-2.110,-5.520,7.950
28813,125.31,-15.31,18.94,-4.520,-5.610,11.210
28825,125.62,-16.44,19.69,-3.260,-0.980,6.000
28837,125.94,-16.75,20.19,-5.110,1.140,12.660
28849,126.31,-16.87,20.62,-7.320,0.370,13.110
28863,126.87,-16.87,20.88,-10.330,-1.320,11.970
28875,127.38,-16.75,21.19,-11.980,-1.170,10.370
28887,127.31,-16.69,21.37,-10.160,-0.740,9.660
28899,127.12,-16.56,21.56,-8.640,-1.020,8.660
28913,126.87,-16.31,21.75,-4.460,-2.100,9.740
28925,125.94,-15.75,21.87,0.350,-2.320,10.410
28937,125.69,-15.56,21.81,-1.730,-4.290,6.510
28949,125.25,-15.38,21.69,1.250,-4.740,5.560
28963,124.94,-15.13,21.62,2.120,-5.660,6.750
28975,124.38,-14.94,21.56,3.460,-5.430,5.610
28987,124.06,-14.87,21.69,2.840,-4.990,7.590
28999,123.81,-14.87,21.75,2.830,-4.150,6.820
29013,123.62,-15.00,21.75,2.340,-3.760,5.770
29025,123.38,-15.38,21.81,0.190,-3.940,5.180
29037,123.25,-15.56,21.81,-2.050,-5.980,6.060
29049,122.94,-16.06,22.00,-3.690,-2.100,14.340
29063,122.50,-16.87,22.00,-4.180,-3.280,7.980
29075,122.00,-17.50,21.69,-5.090,-1.220,8.120
29088,121.13,-18.06,21.37,-7.100,0.000,10.260
29100,120.62,-18.19,21.19,-9.830,-0.080,10.140
29114,120.13,-18.25,20.94,-9.940,-0.300,9.580
29126,118.87,-18.25,20.50,-8.360,0.700,10.670
29138,118.19,-18.12,20.25,-7.550,0.490,9.290
29150,117.31,-17.94,19.87,-6.580,0.170,9.620
29164,116.37,-17.81,19.62,-3.210,-0.100,10.380
29176,114.31,-17.81,18.87,-3.020,-3.110,7.100
29188,113.06,-17.87,18.50,-0.620,-1.990,8.980
29200,111.81,-18.06,18.12,2.370,-2.820,7.080
29214,110.69,-18.25,17.75,3.030,-2.850,6.750
29226,108.94,-18.56,17.12,5.770,-3.420,5.240
29238,108.31,-18.75,17.00,5.430,-4.340,5.640
29250,108.12,-18.87,17.00,4.010,-6.070,6.420
29264,108.00,-19.00,17.19,2.190,-7.040,6.910
29276,108.19,-19.44,17.62,3.050,-4.500,5.220
29289,108.50,-19.69,18.00,2.810,-3.200,5.700
29301,109.06,-19.87,18.44,-0.620,-2.290,8.160
29315,109.69,-20.00,18.94,-1.830,-2.550,9.990
29327,110.81,-20.44,19.56,-8.500,-2.540,12.640
29339,111.25,-20.81,19.62,-15.870,-3.500,9.310
29351,111.50,-21.12,19.56,-15.290,-2.010,9.340
29365,111.37,-21.31,19.37,-14.690,-1.630,10.350
29377,110.63,-21.19,19.00,-13.330,-0.140,9.660
29389,110.25,-20.81,18.69,-12.370,-1.140,8.620
29426,108.44,-19.25,17.87,-4.460,-5.240,3.760
29438,106.94,-18.19,17.19,4.360,-3.330,9.680
29450,106.25,-17.94,17.00,-0.010,-8.490,5.570
29464,105.44,-17.81,16.62,5.920,-5.700,4.330
29477,104.69,-17.87,16.37,8.730,-5.170,4.010
29489,103.81,-18.00,16.06,8.420,-5.470,3.550
29501,104.19,-18.00,16.12,5.090,-5.570,5.170
29515,104.38,-18.12,16.25,3.390,-4.870,5.100
29527,104.81,-18.31,16.44,4.650,-1.490,5.660
29540,105.37,-18.37,16.69,3.410,-0.580,6.130
29552,106.25,-18.37,16.87,-1.250,-1.530,7.650
29566,107.06,-18.50,17.19,-5.460,-2.610,8.640
29578,108.56,-18.62,17.87,-9.300,-1.260,10.260
29590,109.12,-18.75,18.19,-17.440,-2.000,17.110
29602,109.63,-19.19,18.50,-19.180,-2.080,12.490
29616,109.56,-19.44,18.31,-18.280,-2.960,9.250
29628,108.81,-19.25,18.00,-12.220,-0.690,10.520
29640,108.37,-18.81,17.69,-9.840,-1.130,11.290
29652,108.00,-18.25,17.31,-6.310,-1.310,12.080
29666,107.56,-17.62,16.94,-1.070,-1.780,10.580
29678,107.06,-16.81,16.25,-1.040,0.020,7.070
29690,106.75,-16.56,15.81,-0.600,-4.350,8.370
29702,106.81,-16.50,15.56,1.810,-4.800,0.780
29716,106.69,-16.19,15.25,4.030,-6.340,5.520
29728,105.50,-16.19,14.94,12.850,-1.460,7.800
29741,104.75,-16.37,14.75,10.740,-2.570,4.250
29753,104.87,-16.56,14.56,5.820,-4.550,2.680
29767,104.87,-16.56,14.63,4.000,-4.640,6.840
29779,104.69,-16.94,14.50,0.380,-4.270,5.300
29791,104.44,-17.25,14.31,-1.500,-3.290,6.620
29803,104.50,-17.75,14.06,-3.750,-1.310,7.500
29817,104.06,-18.19,13.81,-5.200,-0.330,9.230
29829,103.69,-19.06,13.56,-9.890,1.850,10.120
29841,103.81,-19.25,13.50,-14.420,0.730,9.680
29853,104.31,-19.25,13.50,-15.720,0.250,10.520
29867,104.38,-18.94,13.50,-15.110,-0.600,10.740
29879,103.94,-18.06,13.44,-7.500,-1.440,13.900
29891,103.44,-17.69,13.19,-4.030,-2.190,10.750
29903,103.12,-17.31,12.88,-1.630,-2.640,9.660
29917,102.69,-16.94,12.56,2.330,-2.520,8.120
29929,102.06,-16.12,11.94,4.130,-2.730,7.820
29942,102.00,-15.88,11.63,5.940,-2.350,6.870
29954,102.38,-15.56,11.44,5.800,-1.850,5.890
29968,102.69,-15.44,11.31,2.360,-2.470,4.980
29980,103.69,-15.38,11.44,-0.830,-3.340,7.860
29992,104.06,-15.50,11.63,-0.080,-2.850,8.330
30004,104.69,-15.69,11.75,-0.070,-2.290,8.130
30018,105.06,-15.94,11.81,-0.290,-1.910,7.550
30030,105.87,-16.37,11.81,-3.240,0.520,7.800
30042,106.37,-16.62,11.81,-4.170,0.620,7.390
30054,107.12,-16.94,11.75,-7.710,-2.180,7.150
30068,107.44,-17.19,11.81,-9.850,-2.650,8.120
30080,107.44,-17.62,11.94,-10.790,-4.390,10.590
30092,106.94,-17.87,11.94,-8.660,-4.120,11.100
30104,106.37,-18.25,11.81,-6.580,-3.890,10.740
30118,105.63,-18.56,11.56,-5.070,-3.630,10.690
30130,104.06,-19.00,11.00,-2.880,-4.040,9.330
30142,103.31,-19.25,10.75,-1.400,-3.900,9.210
30154,102.50,-19.56,10.56,-0.200,-3.050,8.500
30168,101.75,-19.75,10.38,2.010,-2.600,8.250
30180,100.69,-20.06,10.25,-0.940,-3.900,7.780
30193,100.38,-20.19,10.19,-1.290,-3.840,8.360
30205,100.50,-20.37,10.19,-3.280,-4.480,7.530
30219,100.31,-20.56,10.19,-1.890,-1.940,7.020
30231,99.94,-20.69,10.19,-5.950,0.120,10.120
30243,99.69,-20.69,10.19,-6.910,-1.660,9.550
30255,100.06,-20.62,10.13,-6.670,-1.500,9.330
30269,99.94,-20.56,10.06,-6.450,-0.940,9.360
30281,99.94,-20.31,9.94,-2.010,-0.300,7.080
30293,100.00,-20.00,9.94,-0.550,-0.840,8.150
30305,100.62,-19.56,10.00,-1.810,-4.450,8.410
30319,100.87,-19.12,10.06,-3.150,-6.010,8.340
30331,101.44,-18.56,10.13,-2.650,-5.350,8.820
30343,101.62,-18.44,10.06,-1.860,-3.350,8.440
30355,102.06,-18.37,9.94,-2.480,-2.930,8.080
30369,102.31,-18.31,9.81,-2.770,-2.300,8.130
30381,102.69,-18.25,9.63,-1.520,-0.520,7.660
30394,102.94,-18.25,9.56,-1.780,-0.390,8.470
30431,104.06,-18.31,9.69,-4.630,0.410,10.630
30443,104.87,-18.19,9.69,-4.960,1.250,9.720
30455,105.44,-18.00,9.56,-9.400,-2.340,10.530
30469,105.94,-17.75,9.50,-10.660,-2.080,11.780
30481,106.19,-17.62,9.56,-12.410,-3.280,9.700
30494,105.94,-17.37,9.50,-9.610,-3.030,11.060
30506,105.37,-17.37,9.31,-6.780,-2.460,11.360
30520,104.63,-17.37,9.13,-4.630,-2.700,11.000
30532,102.94,-17.69,8.44,6.190,-0.900,6.760
30544,102.31,-17.69,8.13,8.840,-0.690,6.040
30556,102.25,-17.56,7.87,-2.490,-5.580,5.920
30570,102.38,-17.56,7.81,-2.990,-4.750,6.550
30582,102.19,-17.81,7.62,-1.320,-3.080,6.920
30594,101.94,-18.00,7.50,-1.330,-2.450,7.350
30606,101.81,-18.25,7.37,-2.790,-2.860,9.280
30620,101.31,-18.50,7.25,-2.360,-0.590,9.080
30632,100.62,-18.81,6.81,-0.690,1.070,8.460
30645,100.75,-18.81,6.69,-1.760,0.260,8.200
30657,101.25,-18.75,6.75,-3.130,0.230,9.320
30671,101.75,-18.62,6.81,-6.990,-0.590,10.380
30683,102.75,-18.37,7.12,-7.460,-0.240,13.020
30695,103.12,-18.25,7.19,-7.430,-0.010,11.760
30707,103.62,-18.06,7.12,-7.710,0.020,11.170
30721,103.94,-17.81,7.12,-8.460,-0.390,10.970
30733,104.31,-17.19,6.94,-5.870,-1.800,9.540
30745,104.31,-16.81,6.81,-4.350,-1.880,9.030
30757,104.25,-16.44,6.62,-3.070,-2.220,8.870
30771,104.12,-16.06,6.44,-0.870,-2.130,8.810
30783,103.81,-15.38,6.06,4.220,-2.800,5.620
30795,103.81,-15.00,5.94,1.580,-3.190,6.160
30807,104.12,-14.75,5.94,-0.670,-3.160,7.030
30821,104.38,-14.56,5.87,0.700,-2.770,5.940
30833,104.63,-14.25,5.75,1.350,-2.400,8.000
30847,104.75,-14.06,5.75,0.240,-2.880,8.820
30859,105.12,-13.94,5.56,1.070,-2.020,7.510
30872,105.44,-13.81,5.37,0.800,-2.150,8.060
30885,106.63,-13.19,4.94,-0.460,-3.430,8.820
30897,107.44,-12.94,4.87,-1.470,-4.040,9.210
30909,108.31,-12.69,4.94,-1.020,-2.910,8.720
30922,109.12,-12.44,5.06,-4.150,-2.060,11.150
30935,110.75,-12.00,4.94,-5.770,-1.710,12.060
30947,111.44,-11.88,4.81,-5.470,0.120,13.120
30959,112.25,-11.75,4.62,-5.090,-0.090,12.110
30973,113.25,-11.63,4.44,-5.600,-0.700,11.590
30985,115.44,-11.25,4.25,-4.350,-0.880,11.420
30997,116.62,-11.00,4.25,-4.480,-1.310,10.060
31009,117.81,-10.81,4.31,-6.590,-2.090,10.460
31023,118.75,-10.63,4.37,-6.520,-2.290,11.020
31035,120.31,-10.44,4.31,0.290,-1.710,9.610
31047,121.31,-10.31,4.25,0.410,-2.230,8.740
31059,122.25,-10.13,4.19,0.720,-2.660,8.480
31073,123.38,-9.94,4.25,2.610,-1.890,7.580
31085,125.87,-9.13,4.50,-2.260,-3.710,7.870
31097,126.87,-8.69,4.69,-3.300,-3.370,11.320
31109,127.87,-8.31,4.75,-1.550,-1.230,10.960
31123,128.94,-7.94,4.81,-2.660,-1.350,9.370
31135,130.56,-7.37,4.75,-6.490,-0.870,10.110
31147,131.12,-7.12,4.69,-5.980,-0.590,9.610
31159,131.25,-6.87,4.56,-4.870,0.270,9.880
31173,131.69,-6.50,4.50,-3.820,1.920,9.270
31185,132.56,-5.75,4.31,-5.660,0.880,8.360
31197,132.81,-5.31,4.31,-1.270,-0.550,9.240
31209,132.56,-4.94,4.31,-1.290,-1.510,9.790
31223,132.69,-4.69,4.31,-0.210,-1.960,8.680
31235,132.87,-4.31,4.44,3.100,-3.340,8.890
31247,133.00,-4.19,4.62,4.210,-3.850,8.320
31259,133.06,-4.12,4.81,4.630,-4.560,7.710
31273,133.63,-3.94,5.19,3.680,-5.450,7.140
31285,134.50,-3.62,6.19,2.450,-4.290,7.270
31298,134.81,-3.50,6.75,2.870,-3.790,7.550
31310,135.06,-3.56,7.37,2.060,-1.630,8.270
31324,135.56,-3.69,7.87,1.200,-0.300,8.700
31336,136.37,-3.75,8.31,-0.650,1.570,10.690
31348,136.75,-3.81,8.38,-5.460,0.220,11.170
31360,136.94,-3.94,8.31,-7.560,0.650,11.940
31374,136.88,-4.06,8.31,-7.800,1.460,12.460
31386,136.12,-4.44,7.94,-7.580,0.930,12.280
31398,135.56,-4.62,7.62,-6.630,0.190,11.600
31435,133.63,-5.19,6.44,-2.680,-2.660,10.820
31447,132.12,-6.06,5.44,0.060,-2.970,8.520
31459,131.31,-6.62,4.94,1.580,-3.050,5.930
31473,130.56,-7.25,4.50,1.660,-3.690,5.060
31486,129.69,-7.81,4.25,4.120,-4.550,6.200
31498,128.12,-8.63,3.81,4.560,-5.000,6.330
31510,127.62,-8.94,3.75,4.190,-4.830,7.950
31524,127.31,-9.25,3.69,4.010,-5.070,8.550
31536,127.12,-9.81,3.44,1.990,-6.800,7.650
31549,127.19,-10.06,3.37,3.300,-5.430,7.210
31561,127.50,-10.19,3.44,3.070,-2.090,8.830
31575,128.00,-10.25,3.56,2.310,-0.860,9.370
31587,129.63,-10.31,3.81,-2.160,0.240,11.200
31599,130.37,-10.25,3.87,-6.710,1.620,12.460
31611,131.06,-10.25,3.75,-8.170,3.080,11.850
31625,131.56,-10.19,3.44,-9.330,3.120,11.530
31637,132.00,-10.25,2.62,-9.600,3.040,10.760
31649,131.81,-10.19,2.37,-9.590,3.020,11.750
31661,131.56,-10.13,2.19,-9.480,3.270,9.700
31675,131.12,-10.06,2.06,-6.270,2.510,11.290
31687,130.50,-10.00,1.87,-3.130,1.440,6.650
31699,130.25,-9.81,1.94,3.550,-2.130,9.530
31711,129.81,-9.69,2.12,3.820,-1.450,10.630
31725,129.75,-9.94,2.25,1.130,-4.070,7.330
31737,129.06,-10.38,2.87,4.270,-2.910,7.100
31749,128.81,-10.69,3.25,4.350,-2.580,6.440
31761,128.81,-11.06,3.69,3.680,-2.070,6.600
31775,129.06,-11.63,4.19,2.190,-2.370,7.260
31787,129.38,-12.37,4.94,0.140,-3.640,7.090
31800,129.44,-12.50,5.31,-1.130,-4.730,6.700
31812,129.50,-12.50,5.69,-0.760,-4.050,8.890
31826,129.63,-12.50,6.12,-1.790,-3.980,9.560
31838,129.69,-12.81,6.87,-3.470,-2.540,11.850
31850,129.56,-12.94,7.12,-5.100,-1.910,12.320
31862,129.31,-13.13,7.25,-5.300,-0.870,14.030
31876,129.19,-13.31,7.25,-6.200,0.110,14.230
31888,129.12,-13.44,7.12,-8.550,1.460,11.660
31900,129.06,-13.44,7.12,-8.310,2.220,12.020
31912,128.87,-13.44,7.12,-8.630,2.350,11.100
31926,128.69,-13.38,7.06,-8.140,2.820,9.540
31938,128.00,-13.31,6.81,-2.560,1.910,8.930
31950,127.56,-13.38,6.62,-2.690,-1.580,9.380
31962,127.06,-13.50,6.37,-1.410,-2.690,8.380
31976,126.56,-13.75,6.19,1.030,-2.610,7.780
31988,126.19,-14.38,6.06,3.980,-5.460,6.870
32000,126.38,-14.75,6.31,3.500,-5.900,7.520
32012,126.38,-15.00,6.62,1.910,-4.150,5.310
32026,126.25,-15.31,7.00,0.410,-3.810,6.340
32038,126.12,-16.25,7.56,1.130,-5.660,7.570
32051,126.06,-16.62,7.62,0.620,-6.030,8.000
32063,126.06,-16.94,7.62,-0.360,-5.440,8.640
32077,126.25,-17.25,7.69,-1.630,-3.650,9.690
32089,127.06,-18.06,7.87,-4.470,-0.880,11.580
32101,127.56,-18.44,7.81,-7.150,0.790,11.600
32113,127.94,-18.81,7.62,-7.580,-0.030,11.250
32127,127.87,-19.00,7.25,-7.850,0.540,10.630
32139,127.44,-18.87,6.56,-7.590,4.350,6.970
32151,127.38,-18.81,6.37,-7.050,3.290,6.540
32163,127.25,-18.62,6.31,-5.540,3.550,7.950
32177,127.06,-18.37,6.19,-3.330,2.060,8.220
32189,126.50,-18.25,6.19,-2.100,-0.080,7.240
32201,126.12,-18.25,6.25,0.710,-1.730,7.750
32213,125.69,-18.37,6.37,1.610,-1.510,8.030
32227,125.44,-18.56,6.50,1.950,-2.270,6.720
32239,124.94,-19.00,6.94,0.260,-3.100,5.680
32252,124.56,-19.19,7.25,-0.110,-2.600,6.990
32264,124.44,-19.56,7.62,-0.330,-1.930,7.470
32278,124.38,-20.06,8.00,-0.380,-2.290,6.970
32290,124.38,-21.00,8.75,-1.210,-2.540,7.810
32302,124.44,-21.37,9.06,-1.200,-2.820,8.020
32314,124.56,-21.69,9.19,-1.710,-4.130,6.910
32328,124.69,-22.00,9.38,-1.570,-4.400,6.090
32340,125.19,-22.44,9.75,-0.240,-4.250,6.550
32352,125.56,-22.44,9.94,-0.820,-4.200,7.720
32364,126.00,-22.44,10.13,-1.380,-3.850,7.220
32378,126.31,-22.44,10.38,-1.850,-3.180,6.910
32390,126.75,-22.69,11.00,-1.480,-3.620,6.610
32402,126.75,-22.69,11.38,-1.380,-4.740,8.600
32439,127.31,-22.69,13.13,-6.270,-4.360,11.780
32452,127.69,-22.44,14.13,-8.260,-3.070,11.000
32464,127.69,-22.31,14.38,-9.430,-2.180,9.960
32478,127.62,-22.19,14.50,-9.270,-1.700,7.170
32490,127.31,-21.69,15.00,-8.920,-1.350,8.460
32503,127.19,-21.37,15.50,-8.180,-1.020,11.060
32515,126.81,-21.00,15.88,-6.840,-0.270,13.430
32529,126.62,-20.37,16.00,-5.560,-1.990,8.540
32541,126.62,-19.12,15.88,-4.510,-2.560,8.030
32553,126.56,-18.62,15.88,-2.830,-2.790,8.200
32565,126.31,-18.25,15.88,-1.940,-3.250,7.700
32579,126.06,-18.00,15.88,-2.600,-3.690,7.660
32591,125.25,-17.87,15.69,-3.040,-3.970,9.740
32603,124.75,-17.94,15.50,-3.380,-1.710,9.550
32615,124.00,-18.00,15.19,-2.540,-1.090,8.910
32629,123.56,-18.12,14.87,-2.820,-1.160,7.960
32641,122.56,-18.31,14.50,-8.380,-1.730,9.890
32653,121.81,-18.44,14.31,-8.900,-1.620,9.330
32665,120.81,-18.62,14.13,-7.580,-0.770,9.450
32679,119.69,-18.87,13.75,-4.170,0.450,9.740
32691,117.69,-19.12,13.00,-2.570,-0.140,8.430
32703,116.75,-19.19,12.63,0.100,-2.000,8.090
32715,115.88,-19.19,12.31,1.020,-2.510,7.470
32729,115.19,-19.25,12.06,0.960,-3.350,6.800
32741,114.56,-19.31,11.94,4.630,-4.450,7.850
32754,113.75,-19.44,12.00,3.060,-5.560,8.290
32766,113.69,-19.56,12.25,1.610,-6.020,8.150
32780,113.75,-19.75,12.44,1.730,-6.330,8.410
32792,114.06,-19.94,12.75,1.650,-4.020,7.830
32804,114.50,-20.00,12.94,1.470,-2.360,6.920
32816,115.31,-19.94,13.19,-5.500,-3.010,12.020
32830,116.00,-19.94,13.56,-7.490,-3.120,12.160
32842,117.44,-19.94,14.06,-11.810,-1.720,8.730
32854,118.06,-19.81,14.31,-14.920,-1.590,10.560
32866,118.44,-19.56,14.56,-14.270,-1.690,10.580
32880,118.50,-19.19,14.63,-12.240,-0.930,9.810
32892,118.44,-18.25,14.69,-6.630,-2.980,10.200
32904,118.13,-17.75,14.69,-2.760,-2.280,11.960
32916,117.62,-17.37,14.56,-5.740,-3.430,8.450
32930,117.19,-17.06,14.31,-3.820,-2.720,4.640
32942,115.69,-16.69,13.94,4.450,-2.420,8.860
32955,115.00,-16.69,13.81,2.700,-4.320,5.630
32967,114.44,-16.69,13.69,3.950,-4.900,5.400
32981,113.94,-16.75,13.69,3.450,-4.600,6.620
32993,113.31,-17.37,13.75,0.100,-4.220,6.950
33005,112.88,-17.87,13.69,2.290,-2.990,7.550
33017,112.50,-18.31,13.69,1.620,-2.070,8.630
33031,112.19,-18.69,13.56,-1.850,-1.940,7.770
33043,111.88,-19.44,13.38,-4.240,-1.200,11.050
33055,111.75,-19.75,13.31,-5.610,-0.190,10.800
33067,111.81,-19.94,13.31,-9.340,0.310,10.840
33081,111.88,-20.12,13.38,-12.810,-0.080,12.150
33093,111.50,-20.25,13.38,-14.830,-1.350,11.560
33105,111.00,-20.25,13.25,-12.930,-1.010,11.330
33117,110.37,-20.19,13.00,-9.260,-1.000,10.440
33131,109.69,-20.00,12.75,-6.360,-1.460,11.110
33143,108.31,-19.56,12.13,-4.540,-3.590,11.260
33156,107.69,-19.50,11.75,-4.210,-4.790,9.470
33168,107.19,-19.50,11.44,-0.590,-2.850,10.020
33182,106.81,-19.62,11.06,0.350,-4.920,6.290
33194,106.12,-20.12,10.63,4.720,-2.710,6.020
33206,106.25,-20.44,10.50,6.460,-1.620,3.140
33218,106.37,-20.50,10.56,6.440,-1.760,6.140
33232,106.19,-20.37,10.56,3.090,-4.200,5.510
33244,106.25,-20.56,10.88,2.610,-3.960,5.680
33256,106.25,-20.75,11.12,3.310,-3.390,5.870
33268,106.69,-20.81,11.38,2.510,-2.580,5.640
33282,106.87,-20.75,11.63,-0.970,-2.090,8.830
33294,107.44,-20.88,12.37,-5.820,-1.550,11.770
33306,107.75,-21.00,12.63,-5.810,-0.790,11.830
33318,108.19,-20.94,12.69,-13.400,-2.120,10.910
33332,108.50,-20.88,12.69,-14.150,-0.850,11.520
33344,108.56,-20.69,12.56,-16.220,-2.110,12.750
33356,108.19,-20.62,12.37,-13.570,-2.020,10.950
33368,107.81,-20.50,12.00,-11.330,-1.260,9.680
33382,107.25,-20.31,11.56,-7.900,-0.130,9.070
33394,106.06,-19.69,10.75,-0.590,-4.160,11.740
33407,105.44,-19.50,10.25,1.100,-2.100,10.170
33444,104.87,-18.50,9.13,-0.840,-7.970,4.840
33456,105.69,-18.19,9.38,0.000,-4.050,6.490
33468,106.19,-18.50,9.44,0.800,-2.140,5.740
33482,106.19,-18.87,9.50,1.150,-0.240,6.040
33494,106.19,-19.12,9.63,-0.330,1.610,7.120
33507,106.44,-19.56,9.88,-1.610,2.000,7.280
33519,107.00,-19.69,10.13,-3.170,2.740,6.500
33533,107.69,-19.56,10.44,-10.370,-1.700,13.200
33545,108.44,-19.75,10.88,-15.590,-3.610,9.750
33557,108.44,-19.87,10.81,-13.510,-3.320,11.430
33569,108.12,-20.06,10.69,-10.070,-2.790,11.880
33583,107.56,-20.19,10.44,-8.190,-2.390,9.940
33595,106.63,-20.06,9.81,-3.900,-1.250,10.940
33607,106.31,-19.75,9.50,-3.930,-4.030,12.800
33619,106.19,-19.50,9.25,-4.570,-4.470,10.510
33633,106.00,-19.37,8.88,-2.260,-3.910,8.230
33645,105.56,-18.94,8.19,7.430,-2.150,7.450
33657,105.94,-18.56,8.13,-0.240,-4.930,6.690
33669,106.81,-18.44,8.31,-3.850,-4.490,7.020
33683,107.19,-18.37,8.38,-0.310,-2.620,7.500
33695,107.44,-18.37,8.44,-2.000,-1.460,6.650
33708,107.81,-18.50,8.56,-3.290,-0.040,7.590
33720,108.19,-18.56,8.69,-3.450,0.400,7.800
33734,108.25,-18.56,8.69,-4.000,0.580,7.810
33746,108.37,-18.69,8.81,-3.370,0.440,8.640
33758,108.50,-18.75,8.81,-3.970,-0.130,8.660
33770,108.75,-18.75,8.88,-4.390,-0.450,9.250
33784,108.87,-18.81,8.88,-4.930,-0.820,10.720
33796,108.81,-18.94,8.81,-5.410,-1.030,10.360
33808,108.75,-19.00,8.75,-5.310,-1.120,10.550
33820,108.75,-19.06,8.69,-4.420,-1.640,10.750
33834,108.63,-19.00,8.56,-5.030,-2.180,10.670
33846,108.44,-18.75,8.25,-3.440,-3.040,10.310
33858,108.37,-18.62,8.13,-3.230,-2.960,10.030
33870,108.44,-18.50,8.00,-3.010,-2.780,9.380
33884,108.44,-18.37,7.81,-1.820,-2.290,8.800
33896,108.50,-18.31,7.56,-2.190,-1.830,8.080
33909,108.63,-18.37,7.44,-2.670,-1.680,7.820
33921,108.87,-18.56,7.44,-2.370,-1.690,7.350
33935,108.87,-18.69,7.37,-2.950,-1.660,7.210
33947,108.69,-19.06,7.37,-3.100,-0.840,7.410
33959,108.37,-19.25,7.37,-2.420,-0.140,7.240
33971,108.44,-19.50,7.31,-3.100,-0.650,7.470
33985,108.12,-19.75,7.31,-3.330,-0.910,8.020
33997,107.37,-20.19,7.06,-2.710,-1.860,8.540
34009,107.00,-20.37,6.87,-2.180,-1.600,8.610
34021,107.00,-20.50,6.56,-1.960,-1.820,8.160
34035,106.75,-20.75,6.31,-1.990,-1.800,8.420
34047,106.44,-21.19,6.06,-1.420,-1.720,8.750
34059,106.44,-21.37,6.06,-1.000,-1.580,8.830
34071,107.00,-21.50,6.12,0.280,-1.910,8.550
34085,107.31,-21.56,6.25,-0.520,-1.980,9.210
34097,108.37,-21.37,6.87,-3.350,-2.810,11.390
34110,109.00,-21.25,7.25,-6.510,-2.540,10.610
34122,109.87,-21.19,7.56,-8.240,-3.360,10.730
34136,110.37,-21.19,7.87,-7.380,-1.380,12.390
34148,111.19,-21.06,8.13,-10.950,-1.830,11.620
34160,111.37,-20.94,8.13,-10.790,-1.140,11.470
34172,111.56,-20.75,8.13,-11.950,-1.840,10.640
34186,111.50,-20.56,8.06,-11.460,-1.900,10.550
34198,111.25,-19.94,7.81,-10.330,-2.330,9.370
34210,110.88,-19.50,7.62,-5.970,-2.100,9.150
34222,110.56,-19.06,7.44,-3.950,-2.450,10.570
34236,110.00,-18.81,7.12,-0.310,-2.660,12.330
34248,109.37,-18.44,6.37,5.700,-2.350,5.270
34260,109.25,-18.19,6.25,9.430,-1.770,5.840
34272,109.50,-18.06,6.31,6.740,-3.150,5.400
34286,109.81,-18.12,6.44,-0.420,-4.250,6.650
34298,109.87,-18.62,6.62,2.440,-2.660,6.020
34310,109.87,-19.00,6.81,3.130,-2.000,6.770
34322,110.12,-19.25,7.00,1.190,-1.770,7.930
34336,110.31,-19.56,7.19,1.630,-0.410,8.130
34348,111.50,-19.69,7.75,-0.910,-0.760,7.160
34360,112.19,-19.87,8.06,-5.000,0.240,10.030
34372,112.81,-19.94,8.25,-10.300,-2.390,9.490
34386,113.25,-20.12,8.44,-12.180,-1.740,10.380
34398,113.37,-20.37,8.56,-19.300,-2.990,12.870
34411,112.75,-20.62,8.44,-18.830,-2.750,13.210
34448,109.56,-20.94,7.12,-5.380,-1.050,10.170
34460,107.19,-20.69,6.12,0.460,-1.490,11.780
34472,106.37,-20.75,5.56,2.750,-1.660,8.000
34486,105.69,-20.81,5.12,12.630,3.150,8.290
34499,105.56,-20.62,4.75,3.540,-6.420,5.700
34511,105.69,-20.12,4.94,-1.170,-3.870,8.760
34523,106.12,-20.37,5.06,-0.540,-2.670,7.360
34537,106.31,-20.62,5.12,-1.780,-0.870,7.840
34549,106.50,-20.94,5.50,-2.800,0.000,8.440
34561,106.69,-20.94,5.69,-4.540,0.070,8.980
34573,107.19,-20.94,5.81,-3.470,-0.400,10.280
34587,107.50,-20.88,6.00,-4.370,0.110,8.860
34599,108.50,-20.56,6.50,-7.710,-0.570,8.240
34611,108.94,-20.37,6.75,-8.250,-1.020,8.720
34623,109.37,-20.19,7.00,-7.930,-1.810,8.280
34637,109.56,-20.06,7.19,-8.620,-1.800,11.350
34649,109.19,-19.87,7.19,-7.760,-2.830,9.460
34662,108.81,-19.75,7.00,-6.000,-2.310,10.220
34674,108.31,-19.56,6.81,-3.210,-2.120,9.860
34688,107.87,-19.37,6.56,1.920,-1.040,10.640
34700,107.81,-19.12,6.31,-2.020,-2.530,7.960
34712,107.81,-19.06,6.25,-1.750,-2.660,8.880
34724,107.87,-19.06,6.19,-0.600,-2.630,9.000
34738,107.75,-19.12,6.19,-1.760,-3.290,8.280
34750,107.31,-19.56,6.06,-2.820,-3.040,9.060
34762,106.94,-19.87,5.87,-1.840,-2.400,8.390
34774,106.75,-20.12,5.69,-1.860,-2.170,8.050
34788,106.37,-20.50,5.56,-2.130,-1.310,8.970
34800,105.69,-21.19,5.25,-5.870,-2.450,9.640
34812,105.19,-21.56,4.94,-5.880,-1.550,7.890
34824,104.81,-21.94,4.69,-5.490,2.940,7.300
34838,104.38,-22.19,4.37,-1.960,0.330,5.420
34850,104.12,-22.44,4.06,-6.080,0.400,8.140
34862,104.19,-22.44,3.94,-4.900,1.580,9.060
34874,104.50,-22.50,3.87,-4.260,1.720,9.170
34888,104.56,-22.50,3.81,-3.270,0.940,8.250
34900,104.69,-22.50,3.81,-3.630,-0.760,8.090
34913,105.00,-22.19,4.06,-3.570,-1.160,8.960
34925,105.56,-22.06,4.12,-3.320,-1.570,9.250
34939,105.63,-21.87,4.19,-2.560,-1.670,9.090
34951,105.94,-21.44,4.37,-2.310,-2.070,9.340
34963,106.25,-21.19,4.50,-2.200,-2.450,8.750
34975,106.87,-20.94,4.62,-2.480,-2.510,8.950
34989,107.31,-20.69,4.75,-1.610,-2.400,8.510
35001,108.31,-20.19,5.12,-2.890,-2.530,9.380
35013,108.75,-20.06,5.19,-1.900,-2.050,8.780
35025,109.37,-20.00,5.19,-1.860,-1.790,8.460
35039,109.94,-19.94,5.25,0.550,-0.760,8.050
35051,111.25,-19.56,5.37,-1.480,-1.990,5.560
35063,112.06,-19.50,5.62,-2.860,-1.250,9.100
35075,112.81,-19.44,5.75,-2.600,-1.780,6.820
35089,113.50,-19.50,6.00,-1.770,-1.620,8.870
35101,115.06,-19.69,6.56,-3.660,-1.170,9.530
35114,115.94,-19.75,6.87,-1.760,0.260,9.480
35126,116.81,-19.75,7.19,-2.070,0.200,9.220
35140,117.94,-19.75,7.56,-3.990,-0.040,9.120
35152,120.19,-19.50,8.38,-5.090,-1.630,6.860
35164,121.31,-19.31,8.88,-10.550,-3.300,13.320
35176,122.00,-19.25,9.31,-9.240,-3.840,11.990
35190,122.75,-19.19,9.50,-4.740,-1.820,10.750
35202,124.25,-18.87,9.88,-8.250,-4.280,10.070
35214,124.87,-18.56,10.00,-6.200,-3.260,10.920
35226,125.38,-18.25,10.06,-5.340,-3.370,9.690
35240,125.94,-17.94,10.06,-5.520,-3.460,9.860
35252,127.12,-17.12,10.00,-4.070,-3.140,8.860
35264,127.69,-16.75,9.94,-2.770,-2.700,8.780
35276,128.31,-16.31,9.94,-2.250,-2.150,9.170
35290,129.06,-15.81,10.00,-0.570,-1.350,7.980
35302,130.81,-14.75,10.25,-1.040,-1.380,8.130
35315,131.69,-14.25,10.50,-1.450,-1.750,8.530
35327,132.56,-13.88,10.69,-1.740,-2.120,8.830
35341,133.37,-13.62,10.94,-2.130,-2.300,9.350
35353,134.56,-13.44,11.25,-1.240,-1.550,10.550
35365,135.06,-13.44,11.38,-2.030,-1.370,9.470
35377,135.63,-13.38,11.44,-4.650,-1.720,9.450
35391,136.12,-13.31,11.56,-5.240,-1.750,9.020
35403,136.69,-13.25,11.63,-5.260,-2.690,8.990
35415,136.81,-13.19,11.63,-6.000,-3.540,9.240
35452,136.69,-12.94,11.25,-1.220,-4.220,9.310
35464,136.81,-12.75,10.88,-1.260,-4.250,7.800
35476,137.00,-12.63,10.75,-1.030,-4.320,7.920
35490,137.25,-12.50,10.75,-1.140,-4.450,8.470
35503,137.44,-12.37,10.69,-0.170,-4.480,7.150
35515,137.69,-12.37,10.56,0.010,-4.490,7.610
35527,137.81,-12.44,10.63,0.580,-4.270,7.890
35541,138.06,-12.56,10.63,1.970,-2.970,9.420
35553,138.69,-12.88,10.63,2.690,-2.290,4.430
35565,139.31,-13.00,10.69,0.450,-3.010,6.890
35577,139.88,-13.13,10.81,-0.710,-3.230,5.740
35591,140.37,-13.38,10.88,0.940,-1.790,4.360
35603,141.19,-14.25,11.12,-0.120,-2.670,7.280
35616,141.44,-15.06,11.06,0.830,-2.590,5.580
35628,141.56,-16.12,11.00,0.910,-1.890,6.730
35642,141.62,-17.31,10.88,0.760,-1.560,7.100
35654,141.44,-20.50,10.38,0.630,-0.990,9.020
35666,141.31,-22.50,9.88,0.270,-0.950,9.540
35678,141.25,-24.87,9.19,-0.120,-1.080,9.760
35692,141.25,-27.69,8.31,-2.340,-1.550,8.720
35704,141.69,-34.25,6.31,-5.160,-2.710,5.190
35716,142.06,-37.69,5.44,-7.800,-1.610,4.030
35728,142.31,-41.19,4.62,-8.690,-1.460,3.030
35742,142.50,-44.75,3.75,-10.010,-1.380,2.410
35754,142.31,-52.13,1.94,-13.080,1.940,-0.450
35766,141.75,-55.75,0.44,-13.130,2.740,-0.570
35778,140.88,-59.06,-1.75,-12.500,2.670,0.260
35792,139.81,-62.13,-4.62,-10.230,1.950,1.540
35804,137.75,-67.12,-11.50,-10.740,1.970,3.820
35817,137.06,-69.19,-15.31,-10.360,1.620,3.840
35829,136.62,-71.12,-19.37,-8.820,0.850,2.210
35843,136.25,-72.94,-23.81,-9.760,1.830,1.820
35855,135.75,-76.19,-33.88,-12.330,4.070,-2.150
35867,135.56,-77.62,-39.88,-11.800,3.940,-3.570
35879,135.25,-78.75,-46.25,-12.390,3.120,-3.920
35893,134.63,-79.50,-52.88,-13.500,1.920,-3.730
35905,132.44,-80.12,-68.62,-8.370,1.170,-1.260
35917,131.19,-80.00,-75.25,-10.310,0.940,-0.170
35929,130.00,-79.75,-81.63,-9.840,0.820,-1.010
35943,128.81,-79.44,-87.75,-8.970,1.630,-1.420
35955,127.06,-78.75,-96.63,-8.980,2.220,-2.680
35967,126.44,-78.50,-99.81,-9.310,2.090,-2.950
35979,125.94,-78.31,-102.81,-9.260,2.140,-2.620
35993,125.50,-78.19,-105.87,-9.530,1.480,-2.970
36005,124.31,-77.69,-112.31,-10.370,1.270,-3.270
36017,123.62,-77.25,-115.19,-9.830,0.980,-3.190
36029,122.94,-76.87,-117.50,-9.260,1.000,-2.600
36043,122.25,-76.50,-119.37,-9.160,0.660,-1.620
36055,121.13,-75.81,-122.87,-8.490,1.310,-1.010
36068,120.81,-75.56,-124.75,-8.340,1.750,-1.250
36080,120.62,-75.37,-126.75,-9.290,1.610,-1.990
36094,120.50,-75.25,-128.69,-9.740,1.410,-2.160
36106,120.62,-75.12,-132.19,-10.660,1.110,-2.120
36118,120.62,-75.12,-133.69,-10.370,1.020,-1.630
36130,120.62,-75.12,-135.00,-10.330,1.120,-0.800
36144,120.56,-75.06,-136.19,-10.180,1.040,-0.320
36156,120.56,-74.81,-138.81,-10.050,0.920,-1.150
36168,120.56,-74.62,-140.12,-9.990,1.020,-1.510
36180,120.62,-74.50,-141.44,-10.330,1.070,-2.420
36194,120.75,-74.37,-142.62,-10.170,1.120,-2.440
36206,120.87,-74.12,-144.81,-9.790,1.020,-1.730
36218,121.00,-74.00,-145.94,-9.740,0.880,-2.210
36230,121.06,-73.87,-147.00,-10.050,0.880,-2.630
36244,121.19,-73.75,-147.75,-10.240,0.530,-3.140
36256,121.06,-73.50,-148.31,-8.350,1.410,-3.730
36269,121.00,-73.44,-148.25,-8.370,1.600,-3.470
36281,120.81,-73.37,-148.13,-8.150,1.730,-3.400
36295,120.62,-73.25,-148.19,-7.130,1.560,-3.830
36307,120.06,-72.94,-148.06,-7.200,1.080,-4.900
36319,119.56,-72.81,-147.87,-6.730,1.250,-5.120
36331,119.06,-72.75,-147.50,-6.060,1.430,-1.490
36345,118.56,-72.62,-147.31,-6.630,1.110,0.110
36357,118.37,-72.19,-148.44,-9.810,-2.080,-2.490
36369,118.44,-71.81,-149.25,-10.320,-1.760,-3.640
36381,118.25,-71.56,-149.31,-12.100,0.020,-3.720
36395,117.75,-71.37,-148.25,-12.140,1.990,-5.190
36407,116.00,-70.94,-144.25,-7.360,6.050,-3.550
36419,115.31,-70.44,-142.94,-7.820,6.360,-3.860
36456,115.88,-69.87,-143.94,-9.900,0.530,-4.630
36468,117.69,-70.62,-146.19,-9.600,-0.520,-3.150
36480,118.37,-71.19,-146.56,-7.510,-0.170,-3.080
36494,118.75,-71.62,-146.69,-7.010,0.690,-1.990
36507,118.87,-71.94,-146.75,-7.550,0.970,-1.770
36519,119.31,-72.31,-147.81,-8.100,0.680,-1.650
36531,119.87,-72.56,-148.69,-7.800,0.670,-1.910
36545,120.50,-72.94,-149.75,-11.640,0.010,-2.180
36557,121.62,-73.44,-151.63,-9.630,0.200,-4.860
36570,121.87,-73.44,-152.25,-10.050,0.520,-4.460
36582,122.25,-73.50,-152.50,-9.610,1.230,-3.650
36596,122.44,-73.62,-152.62,-9.460,0.660,-3.740
36608,122.81,-73.81,-152.94,-10.640,0.350,-3.870
36620,122.81,-73.87,-152.75,-9.700,0.730,-3.380
36632,122.94,-73.81,-152.50,-9.510,0.940,-2.850
36646,122.81,-73.81,-151.94,-9.580,0.840,-2.920
36658,122.56,-73.81,-150.69,-8.630,0.980,-2.970
36670,122.50,-73.81,-150.25,-8.670,1.170,-3.050
36682,122.44,-73.87,-149.87,-8.650,1.460,-3.700
36696,122.37,-73.87,-149.56,-8.650,1.360,-3.910
36708,122.37,-73.94,-149.62,-7.720,1.020,-2.830
36720,122.44,-73.94,-150.12,-9.220,1.020,-1.860
36732,122.62,-73.94,-150.87,-8.970,0.930,-2.380
36746,122.94,-73.87,-151.87,-8.460,0.620,-3.370
36758,123.50,-73.75,-154.00,-9.710,0.570,-3.980
36770,123.62,-73.75,-154.75,-9.350,0.780,-3.540
36782,123.69,-73.75,-155.12,-8.930,1.050,-3.300
36796,123.69,-73.75,-155.44,-9.380,0.590,-3.340
36808,123.69,-73.75,-155.56,-8.590,0.800,-2.760
